county,precinct,office,district,party,candidate,votes,election_day,absentee
Pottawattamie,CB 01,U.S. House,3,REP,David Young,243,163,80
Pottawattamie,CB 02,U.S. House,3,REP,David Young,410,264,146
Pottawattamie,CB 03,U.S. House,3,REP,David Young,292,200,92
Pottawattamie,CB 04,U.S. House,3,REP,David Young,325,188,137
Pottawattamie,CB 05,U.S. House,3,REP,David Young,363,202,161
Pottawattamie,CB 06,U.S. House,3,REP,David Young,522,323,199
Pottawattamie,CB 07,U.S. House,3,REP,David Young,527,326,201
Pottawattamie,CB 08,U.S. House,3,REP,David Young,696,397,299
Pottawattamie,CB 09,U.S. House,3,REP,David Young,497,246,251
Pottawattamie,CB 10A,U.S. House,3,REP,David Young,762,441,321
Pottawattamie,CB 10B,U.S. House,3,REP,David Young,821,464,357
Pottawattamie,CB 11,U.S. House,3,REP,David Young,491,329,162
Pottawattamie,CB 12,U.S. House,3,REP,David Young,605,338,267
Pottawattamie,CB 13,U.S. House,3,REP,David Young,237,149,88
Pottawattamie,CB 14,U.S. House,3,REP,David Young,242,158,84
Pottawattamie,CB 15,U.S. House,3,REP,David Young,278,154,124
Pottawattamie,CB 16,U.S. House,3,REP,David Young,299,173,126
Pottawattamie,CB 17,U.S. House,3,REP,David Young,381,235,146
Pottawattamie,CB 18,U.S. House,3,REP,David Young,410,268,142
Pottawattamie,CB 19,U.S. House,3,REP,David Young,282,170,112
Pottawattamie,CB 20,U.S. House,3,REP,David Young,420,268,152
Pottawattamie,CB 21,U.S. House,3,REP,David Young,339,197,142
Pottawattamie,Carter Lake 1,U.S. House,3,REP,David Young,310,237,73
Pottawattamie,Carter Lake 2,U.S. House,3,REP,David Young,290,233,57
Pottawattamie,Avoca,U.S. House,3,REP,David Young,448,341,107
Pottawattamie,Carson,U.S. House,3,REP,David Young,256,202,54
Pottawattamie,Crescent,U.S. House,3,REP,David Young,770,452,318
Pottawattamie,Garner,U.S. House,3,REP,David Young,1025,557,468
Pottawattamie,GLWCW,U.S. House,3,REP,David Young,293,166,127
Pottawattamie,Hancock,U.S. House,3,REP,David Young,128,114,14
Pottawattamie,Lewis 1,U.S. House,3,REP,David Young,685,380,305
Pottawattamie,Lewis 2,U.S. House,3,REP,David Young,807,435,372
Pottawattamie,Macedonia,U.S. House,3,REP,David Young,108,94,14
Pottawattamie,McClelland,U.S. House,3,REP,David Young,414,270,144
Pottawattamie,Minden,U.S. House,3,REP,David Young,421,306,115
Pottawattamie,Neola,U.S. House,3,REP,David Young,574,357,217
Pottawattamie,Oakland,U.S. House,3,REP,David Young,596,427,169
Pottawattamie,Treynor,U.S. House,3,REP,David Young,622,453,169
Pottawattamie,Underwood,U.S. House,3,REP,David Young,781,524,257
Pottawattamie,Walnut,U.S. House,3,REP,David Young,211,176,35
Pottawattamie,CB 01,U.S. House,3,DEM,Cindy Axne,319,191,128
Pottawattamie,CB 02,U.S. House,3,DEM,Cindy Axne,412,204,208
Pottawattamie,CB 03,U.S. House,3,DEM,Cindy Axne,336,188,148
Pottawattamie,CB 04,U.S. House,3,DEM,Cindy Axne,354,160,194
Pottawattamie,CB 05,U.S. House,3,DEM,Cindy Axne,350,176,174
Pottawattamie,CB 06,U.S. House,3,DEM,Cindy Axne,538,277,261
Pottawattamie,CB 07,U.S. House,3,DEM,Cindy Axne,512,294,218
Pottawattamie,CB 08,U.S. House,3,DEM,Cindy Axne,636,320,316
Pottawattamie,CB 09,U.S. House,3,DEM,Cindy Axne,455,214,241
Pottawattamie,CB 10A,U.S. House,3,DEM,Cindy Axne,704,326,378
Pottawattamie,CB 10B,U.S. House,3,DEM,Cindy Axne,557,317,240
Pottawattamie,CB 11,U.S. House,3,DEM,Cindy Axne,599,325,274
Pottawattamie,CB 12,U.S. House,3,DEM,Cindy Axne,500,258,242
Pottawattamie,CB 13,U.S. House,3,DEM,Cindy Axne,324,180,144
Pottawattamie,CB 14,U.S. House,3,DEM,Cindy Axne,343,200,143
Pottawattamie,CB 15,U.S. House,3,DEM,Cindy Axne,345,165,180
Pottawattamie,CB 16,U.S. House,3,DEM,Cindy Axne,339,167,172
Pottawattamie,CB 17,U.S. House,3,DEM,Cindy Axne,501,240,261
Pottawattamie,CB 18,U.S. House,3,DEM,Cindy Axne,421,218,203
Pottawattamie,CB 19,U.S. House,3,DEM,Cindy Axne,319,164,155
Pottawattamie,CB 20,U.S. House,3,DEM,Cindy Axne,314,188,126
Pottawattamie,CB 21,U.S. House,3,DEM,Cindy Axne,275,129,146
Pottawattamie,Carter Lake 1,U.S. House,3,DEM,Cindy Axne,239,153,86
Pottawattamie,Carter Lake 2,U.S. House,3,DEM,Cindy Axne,216,156,60
Pottawattamie,Avoca,U.S. House,3,DEM,Cindy Axne,294,218,76
Pottawattamie,Carson,U.S. House,3,DEM,Cindy Axne,119,100,19
Pottawattamie,Crescent,U.S. House,3,DEM,Cindy Axne,467,233,234
Pottawattamie,Garner,U.S. House,3,DEM,Cindy Axne,505,250,255
Pottawattamie,GLWCW,U.S. House,3,DEM,Cindy Axne,92,55,37
Pottawattamie,Hancock,U.S. House,3,DEM,Cindy Axne,59,52,7
Pottawattamie,Lewis 1,U.S. House,3,DEM,Cindy Axne,404,225,179
Pottawattamie,Lewis 2,U.S. House,3,DEM,Cindy Axne,424,218,206
Pottawattamie,Macedonia,U.S. House,3,DEM,Cindy Axne,50,40,10
Pottawattamie,McClelland,U.S. House,3,DEM,Cindy Axne,128,75,53
Pottawattamie,Minden,U.S. House,3,DEM,Cindy Axne,179,129,50
Pottawattamie,Neola,U.S. House,3,DEM,Cindy Axne,279,179,100
Pottawattamie,Oakland,U.S. House,3,DEM,Cindy Axne,276,187,89
Pottawattamie,Treynor,U.S. House,3,DEM,Cindy Axne,234,176,58
Pottawattamie,Underwood,U.S. House,3,DEM,Cindy Axne,487,274,213
Pottawattamie,Walnut,U.S. House,3,DEM,Cindy Axne,139,108,31
Pottawattamie,CB 01,U.S. House,3,LIB,Bryan Jack Holder,20,14,6
Pottawattamie,CB 02,U.S. House,3,LIB,Bryan Jack Holder,30,19,11
Pottawattamie,CB 03,U.S. House,3,LIB,Bryan Jack Holder,19,17,2
Pottawattamie,CB 04,U.S. House,3,LIB,Bryan Jack Holder,22,9,13
Pottawattamie,CB 05,U.S. House,3,LIB,Bryan Jack Holder,34,11,23
Pottawattamie,CB 06,U.S. House,3,LIB,Bryan Jack Holder,38,23,15
Pottawattamie,CB 07,U.S. House,3,LIB,Bryan Jack Holder,45,25,20
Pottawattamie,CB 08,U.S. House,3,LIB,Bryan Jack Holder,48,30,18
Pottawattamie,CB 09,U.S. House,3,LIB,Bryan Jack Holder,28,18,10
Pottawattamie,CB 10A,U.S. House,3,LIB,Bryan Jack Holder,52,29,23
Pottawattamie,CB 10B,U.S. House,3,LIB,Bryan Jack Holder,31,21,10
Pottawattamie,CB 11,U.S. House,3,LIB,Bryan Jack Holder,40,30,10
Pottawattamie,CB 12,U.S. House,3,LIB,Bryan Jack Holder,40,29,11
Pottawattamie,CB 13,U.S. House,3,LIB,Bryan Jack Holder,22,11,11
Pottawattamie,CB 14,U.S. House,3,LIB,Bryan Jack Holder,23,19,4
Pottawattamie,CB 15,U.S. House,3,LIB,Bryan Jack Holder,28,10,18
Pottawattamie,CB 16,U.S. House,3,LIB,Bryan Jack Holder,40,26,14
Pottawattamie,CB 17,U.S. House,3,LIB,Bryan Jack Holder,37,17,20
Pottawattamie,CB 18,U.S. House,3,LIB,Bryan Jack Holder,17,10,7
Pottawattamie,CB 19,U.S. House,3,LIB,Bryan Jack Holder,16,12,4
Pottawattamie,CB 20,U.S. House,3,LIB,Bryan Jack Holder,29,23,6
Pottawattamie,CB 21,U.S. House,3,LIB,Bryan Jack Holder,18,9,9
Pottawattamie,Carter Lake 1,U.S. House,3,LIB,Bryan Jack Holder,14,8,6
Pottawattamie,Carter Lake 2,U.S. House,3,LIB,Bryan Jack Holder,19,15,4
Pottawattamie,Avoca,U.S. House,3,LIB,Bryan Jack Holder,14,11,3
Pottawattamie,Carson,U.S. House,3,LIB,Bryan Jack Holder,6,3,3
Pottawattamie,Crescent,U.S. House,3,LIB,Bryan Jack Holder,38,21,17
Pottawattamie,Garner,U.S. House,3,LIB,Bryan Jack Holder,49,30,19
Pottawattamie,GLWCW,U.S. House,3,LIB,Bryan Jack Holder,5,4,1
Pottawattamie,Hancock,U.S. House,3,LIB,Bryan Jack Holder,3,1,2
Pottawattamie,Lewis 1,U.S. House,3,LIB,Bryan Jack Holder,24,16,8
Pottawattamie,Lewis 2,U.S. House,3,LIB,Bryan Jack Holder,31,14,17
Pottawattamie,Macedonia,U.S. House,3,LIB,Bryan Jack Holder,3,3,0
Pottawattamie,McClelland,U.S. House,3,LIB,Bryan Jack Holder,8,3,5
Pottawattamie,Minden,U.S. House,3,LIB,Bryan Jack Holder,7,6,1
Pottawattamie,Neola,U.S. House,3,LIB,Bryan Jack Holder,23,11,12
Pottawattamie,Oakland,U.S. House,3,LIB,Bryan Jack Holder,12,6,6
Pottawattamie,Treynor,U.S. House,3,LIB,Bryan Jack Holder,10,5,5
Pottawattamie,Underwood,U.S. House,3,LIB,Bryan Jack Holder,30,17,13
Pottawattamie,Walnut,U.S. House,3,LIB,Bryan Jack Holder,9,8,1
Pottawattamie,CB 01,U.S. House,3,GRN,Paul Knupp,6,4,2
Pottawattamie,CB 02,U.S. House,3,GRN,Paul Knupp,10,7,3
Pottawattamie,CB 03,U.S. House,3,GRN,Paul Knupp,4,3,1
Pottawattamie,CB 04,U.S. House,3,GRN,Paul Knupp,6,5,1
Pottawattamie,CB 05,U.S. House,3,GRN,Paul Knupp,5,0,5
Pottawattamie,CB 06,U.S. House,3,GRN,Paul Knupp,7,6,1
Pottawattamie,CB 07,U.S. House,3,GRN,Paul Knupp,9,2,7
Pottawattamie,CB 08,U.S. House,3,GRN,Paul Knupp,6,3,3
Pottawattamie,CB 09,U.S. House,3,GRN,Paul Knupp,6,4,2
Pottawattamie,CB 10A,U.S. House,3,GRN,Paul Knupp,3,3,0
Pottawattamie,CB 10B,U.S. House,3,GRN,Paul Knupp,2,1,1
Pottawattamie,CB 11,U.S. House,3,GRN,Paul Knupp,8,2,6
Pottawattamie,CB 12,U.S. House,3,GRN,Paul Knupp,7,3,4
Pottawattamie,CB 13,U.S. House,3,GRN,Paul Knupp,3,1,2
Pottawattamie,CB 14,U.S. House,3,GRN,Paul Knupp,4,1,3
Pottawattamie,CB 15,U.S. House,3,GRN,Paul Knupp,6,2,4
Pottawattamie,CB 16,U.S. House,3,GRN,Paul Knupp,8,3,5
Pottawattamie,CB 17,U.S. House,3,GRN,Paul Knupp,4,2,2
Pottawattamie,CB 18,U.S. House,3,GRN,Paul Knupp,5,2,3
Pottawattamie,CB 19,U.S. House,3,GRN,Paul Knupp,3,1,2
Pottawattamie,CB 20,U.S. House,3,GRN,Paul Knupp,6,4,2
Pottawattamie,CB 21,U.S. House,3,GRN,Paul Knupp,5,4,1
Pottawattamie,Carter Lake 1,U.S. House,3,GRN,Paul Knupp,3,1,2
Pottawattamie,Carter Lake 2,U.S. House,3,GRN,Paul Knupp,2,1,1
Pottawattamie,Avoca,U.S. House,3,GRN,Paul Knupp,4,3,1
Pottawattamie,Carson,U.S. House,3,GRN,Paul Knupp,1,1,0
Pottawattamie,Crescent,U.S. House,3,GRN,Paul Knupp,9,5,4
Pottawattamie,Garner,U.S. House,3,GRN,Paul Knupp,4,3,1
Pottawattamie,GLWCW,U.S. House,3,GRN,Paul Knupp,2,0,2
Pottawattamie,Hancock,U.S. House,3,GRN,Paul Knupp,1,1,0
Pottawattamie,Lewis 1,U.S. House,3,GRN,Paul Knupp,4,3,1
Pottawattamie,Lewis 2,U.S. House,3,GRN,Paul Knupp,6,4,2
Pottawattamie,Macedonia,U.S. House,3,GRN,Paul Knupp,1,0,1
Pottawattamie,McClelland,U.S. House,3,GRN,Paul Knupp,3,2,1
Pottawattamie,Minden,U.S. House,3,GRN,Paul Knupp,1,1,0
Pottawattamie,Neola,U.S. House,3,GRN,Paul Knupp,4,2,2
Pottawattamie,Oakland,U.S. House,3,GRN,Paul Knupp,4,2,2
Pottawattamie,Treynor,U.S. House,3,GRN,Paul Knupp,1,1,0
Pottawattamie,Underwood,U.S. House,3,GRN,Paul Knupp,3,2,1
Pottawattamie,Walnut,U.S. House,3,GRN,Paul Knupp,4,3,1
Pottawattamie,CB 01,U.S. House,3,LMN,Mark Elworth Jr.,14,7,7
Pottawattamie,CB 02,U.S. House,3,LMN,Mark Elworth Jr.,17,12,5
Pottawattamie,CB 03,U.S. House,3,LMN,Mark Elworth Jr.,24,13,11
Pottawattamie,CB 04,U.S. House,3,LMN,Mark Elworth Jr.,12,5,7
Pottawattamie,CB 05,U.S. House,3,LMN,Mark Elworth Jr.,15,10,5
Pottawattamie,CB 06,U.S. House,3,LMN,Mark Elworth Jr.,8,6,2
Pottawattamie,CB 07,U.S. House,3,LMN,Mark Elworth Jr.,12,10,2
Pottawattamie,CB 08,U.S. House,3,LMN,Mark Elworth Jr.,8,5,3
Pottawattamie,CB 09,U.S. House,3,LMN,Mark Elworth Jr.,12,6,6
Pottawattamie,CB 10A,U.S. House,3,LMN,Mark Elworth Jr.,9,4,5
Pottawattamie,CB 10B,U.S. House,3,LMN,Mark Elworth Jr.,3,2,1
Pottawattamie,CB 11,U.S. House,3,LMN,Mark Elworth Jr.,12,8,4
Pottawattamie,CB 12,U.S. House,3,LMN,Mark Elworth Jr.,7,5,2
Pottawattamie,CB 13,U.S. House,3,LMN,Mark Elworth Jr.,9,6,3
Pottawattamie,CB 14,U.S. House,3,LMN,Mark Elworth Jr.,10,8,2
Pottawattamie,CB 15,U.S. House,3,LMN,Mark Elworth Jr.,10,7,3
Pottawattamie,CB 16,U.S. House,3,LMN,Mark Elworth Jr.,8,4,4
Pottawattamie,CB 17,U.S. House,3,LMN,Mark Elworth Jr.,11,8,3
Pottawattamie,CB 18,U.S. House,3,LMN,Mark Elworth Jr.,6,4,2
Pottawattamie,CB 19,U.S. House,3,LMN,Mark Elworth Jr.,9,5,4
Pottawattamie,CB 20,U.S. House,3,LMN,Mark Elworth Jr.,3,1,2
Pottawattamie,CB 21,U.S. House,3,LMN,Mark Elworth Jr.,8,8,0
Pottawattamie,Carter Lake 1,U.S. House,3,LMN,Mark Elworth Jr.,15,10,5
Pottawattamie,Carter Lake 2,U.S. House,3,LMN,Mark Elworth Jr.,23,16,7
Pottawattamie,Avoca,U.S. House,3,LMN,Mark Elworth Jr.,4,3,1
Pottawattamie,Carson,U.S. House,3,LMN,Mark Elworth Jr.,5,4,1
Pottawattamie,Crescent,U.S. House,3,LMN,Mark Elworth Jr.,3,2,1
Pottawattamie,Garner,U.S. House,3,LMN,Mark Elworth Jr.,3,1,2
Pottawattamie,GLWCW,U.S. House,3,LMN,Mark Elworth Jr.,1,0,1
Pottawattamie,Hancock,U.S. House,3,LMN,Mark Elworth Jr.,0,0,0
Pottawattamie,Lewis 1,U.S. House,3,LMN,Mark Elworth Jr.,3,2,1
Pottawattamie,Lewis 2,U.S. House,3,LMN,Mark Elworth Jr.,3,1,2
Pottawattamie,Macedonia,U.S. House,3,LMN,Mark Elworth Jr.,1,1,0
Pottawattamie,McClelland,U.S. House,3,LMN,Mark Elworth Jr.,3,3,0
Pottawattamie,Minden,U.S. House,3,LMN,Mark Elworth Jr.,1,1,0
Pottawattamie,Neola,U.S. House,3,LMN,Mark Elworth Jr.,1,0,1
Pottawattamie,Oakland,U.S. House,3,LMN,Mark Elworth Jr.,8,8,0
Pottawattamie,Treynor,U.S. House,3,LMN,Mark Elworth Jr.,0,0,0
Pottawattamie,Underwood,U.S. House,3,LMN,Mark Elworth Jr.,4,2,2
Pottawattamie,Walnut,U.S. House,3,LMN,Mark Elworth Jr.,2,1,1
Pottawattamie,CB 01,U.S. House,3,,Joe Grandanette,1,1,0
Pottawattamie,CB 02,U.S. House,3,,Joe Grandanette,1,1,0
Pottawattamie,CB 03,U.S. House,3,,Joe Grandanette,2,1,1
Pottawattamie,CB 04,U.S. House,3,,Joe Grandanette,1,1,0
Pottawattamie,CB 05,U.S. House,3,,Joe Grandanette,1,0,1
Pottawattamie,CB 06,U.S. House,3,,Joe Grandanette,3,3,0
Pottawattamie,CB 07,U.S. House,3,,Joe Grandanette,2,2,0
Pottawattamie,CB 08,U.S. House,3,,Joe Grandanette,1,1,0
Pottawattamie,CB 09,U.S. House,3,,Joe Grandanette,2,1,1
Pottawattamie,CB 10A,U.S. House,3,,Joe Grandanette,4,1,3
Pottawattamie,CB 10B,U.S. House,3,,Joe Grandanette,1,1,0
Pottawattamie,CB 11,U.S. House,3,,Joe Grandanette,1,0,1
Pottawattamie,CB 12,U.S. House,3,,Joe Grandanette,3,2,1
Pottawattamie,CB 13,U.S. House,3,,Joe Grandanette,1,0,1
Pottawattamie,CB 14,U.S. House,3,,Joe Grandanette,2,2,0
Pottawattamie,CB 15,U.S. House,3,,Joe Grandanette,2,1,1
Pottawattamie,CB 16,U.S. House,3,,Joe Grandanette,3,1,2
Pottawattamie,CB 17,U.S. House,3,,Joe Grandanette,1,1,0
Pottawattamie,CB 18,U.S. House,3,,Joe Grandanette,4,1,3
Pottawattamie,CB 19,U.S. House,3,,Joe Grandanette,3,3,0
Pottawattamie,CB 20,U.S. House,3,,Joe Grandanette,1,0,1
Pottawattamie,CB 21,U.S. House,3,,Joe Grandanette,3,2,1
Pottawattamie,Carter Lake 1,U.S. House,3,,Joe Grandanette,3,2,1
Pottawattamie,Carter Lake 2,U.S. House,3,,Joe Grandanette,3,3,0
Pottawattamie,Avoca,U.S. House,3,,Joe Grandanette,1,0,1
Pottawattamie,Carson,U.S. House,3,,Joe Grandanette,1,1,0
Pottawattamie,Crescent,U.S. House,3,,Joe Grandanette,5,2,3
Pottawattamie,Garner,U.S. House,3,,Joe Grandanette,4,1,3
Pottawattamie,GLWCW,U.S. House,3,,Joe Grandanette,2,2,0
Pottawattamie,Hancock,U.S. House,3,,Joe Grandanette,0,0,0
Pottawattamie,Lewis 1,U.S. House,3,,Joe Grandanette,4,1,3
Pottawattamie,Lewis 2,U.S. House,3,,Joe Grandanette,5,1,4
Pottawattamie,Macedonia,U.S. House,3,,Joe Grandanette,0,0,0
Pottawattamie,McClelland,U.S. House,3,,Joe Grandanette,0,0,0
Pottawattamie,Minden,U.S. House,3,,Joe Grandanette,1,0,1
Pottawattamie,Neola,U.S. House,3,,Joe Grandanette,1,0,1
Pottawattamie,Oakland,U.S. House,3,,Joe Grandanette,4,2,2
Pottawattamie,Treynor,U.S. House,3,,Joe Grandanette,1,1,0
Pottawattamie,Underwood,U.S. House,3,,Joe Grandanette,3,1,2
Pottawattamie,Walnut,U.S. House,3,,Joe Grandanette,0,0,0
Pottawattamie,CB 01,U.S. House,3,,Write-in,0,0,0
Pottawattamie,CB 02,U.S. House,3,,Write-in,2,1,1
Pottawattamie,CB 03,U.S. House,3,,Write-in,1,1,0
Pottawattamie,CB 04,U.S. House,3,,Write-in,1,0,1
Pottawattamie,CB 05,U.S. House,3,,Write-in,0,0,0
Pottawattamie,CB 06,U.S. House,3,,Write-in,0,0,0
Pottawattamie,CB 07,U.S. House,3,,Write-in,1,0,1
Pottawattamie,CB 08,U.S. House,3,,Write-in,0,0,0
Pottawattamie,CB 09,U.S. House,3,,Write-in,2,2,0
Pottawattamie,CB 10A,U.S. House,3,,Write-in,2,0,2
Pottawattamie,CB 10B,U.S. House,3,,Write-in,0,0,0
Pottawattamie,CB 11,U.S. House,3,,Write-in,2,2,0
Pottawattamie,CB 12,U.S. House,3,,Write-in,0,0,0
Pottawattamie,CB 13,U.S. House,3,,Write-in,0,0,0
Pottawattamie,CB 14,U.S. House,3,,Write-in,1,0,1
Pottawattamie,CB 15,U.S. House,3,,Write-in,1,1,0
Pottawattamie,CB 16,U.S. House,3,,Write-in,1,0,1
Pottawattamie,CB 17,U.S. House,3,,Write-in,1,1,0
Pottawattamie,CB 18,U.S. House,3,,Write-in,0,0,0
Pottawattamie,CB 19,U.S. House,3,,Write-in,0,0,0
Pottawattamie,CB 20,U.S. House,3,,Write-in,0,0,0
Pottawattamie,CB 21,U.S. House,3,,Write-in,0,0,0
Pottawattamie,Carter Lake 1,U.S. House,3,,Write-in,1,1,0
Pottawattamie,Carter Lake 2,U.S. House,3,,Write-in,0,0,0
Pottawattamie,Avoca,U.S. House,3,,Write-in,1,1,0
Pottawattamie,Carson,U.S. House,3,,Write-in,0,0,0
Pottawattamie,Crescent,U.S. House,3,,Write-in,0,0,0
Pottawattamie,Garner,U.S. House,3,,Write-in,1,0,1
Pottawattamie,GLWCW,U.S. House,3,,Write-in,2,1,1
Pottawattamie,Hancock,U.S. House,3,,Write-in,0,0,0
Pottawattamie,Lewis 1,U.S. House,3,,Write-in,0,0,0
Pottawattamie,Lewis 2,U.S. House,3,,Write-in,0,0,0
Pottawattamie,Macedonia,U.S. House,3,,Write-in,0,0,0
Pottawattamie,McClelland,U.S. House,3,,Write-in,0,0,0
Pottawattamie,Minden,U.S. House,3,,Write-in,0,0,0
Pottawattamie,Neola,U.S. House,3,,Write-in,1,0,1
Pottawattamie,Oakland,U.S. House,3,,Write-in,0,0,0
Pottawattamie,Treynor,U.S. House,3,,Write-in,1,0,1
Pottawattamie,Underwood,U.S. House,3,,Write-in,0,0,0
Pottawattamie,Walnut,U.S. House,3,,Write-in,0,0,0
Pottawattamie,CB 01,Governor,,REP,Kim Reynolds/Adam Gregg,263,174,89
Pottawattamie,CB 02,Governor,,REP,Kim Reynolds/Adam Gregg,432,264,168
Pottawattamie,CB 03,Governor,,REP,Kim Reynolds/Adam Gregg,327,221,106
Pottawattamie,CB 04,Governor,,REP,Kim Reynolds/Adam Gregg,356,199,157
Pottawattamie,CB 05,Governor,,REP,Kim Reynolds/Adam Gregg,389,206,183
Pottawattamie,CB 06,Governor,,REP,Kim Reynolds/Adam Gregg,537,322,215
Pottawattamie,CB 07,Governor,,REP,Kim Reynolds/Adam Gregg,559,343,216
Pottawattamie,CB 08,Governor,,REP,Kim Reynolds/Adam Gregg,729,408,321
Pottawattamie,CB 09,Governor,,REP,Kim Reynolds/Adam Gregg,523,256,267
Pottawattamie,CB 10A,Governor,,REP,Kim Reynolds/Adam Gregg,788,437,351
Pottawattamie,CB 10B,Governor,,REP,Kim Reynolds/Adam Gregg,822,464,358
Pottawattamie,CB 11,Governor,,REP,Kim Reynolds/Adam Gregg,508,337,171
Pottawattamie,CB 12,Governor,,REP,Kim Reynolds/Adam Gregg,643,353,290
Pottawattamie,CB 13,Governor,,REP,Kim Reynolds/Adam Gregg,249,150,99
Pottawattamie,CB 14,Governor,,REP,Kim Reynolds/Adam Gregg,271,174,97
Pottawattamie,CB 15,Governor,,REP,Kim Reynolds/Adam Gregg,287,157,130
Pottawattamie,CB 16,Governor,,REP,Kim Reynolds/Adam Gregg,324,185,139
Pottawattamie,CB 17,Governor,,REP,Kim Reynolds/Adam Gregg,401,241,160
Pottawattamie,CB 18,Governor,,REP,Kim Reynolds/Adam Gregg,412,263,149
Pottawattamie,CB 19,Governor,,REP,Kim Reynolds/Adam Gregg,309,180,129
Pottawattamie,CB 20,Governor,,REP,Kim Reynolds/Adam Gregg,459,292,167
Pottawattamie,CB 21,Governor,,REP,Kim Reynolds/Adam Gregg,370,207,163
Pottawattamie,Carter Lake 1,Governor,,REP,Kim Reynolds/Adam Gregg,323,244,79
Pottawattamie,Carter Lake 2,Governor,,REP,Kim Reynolds/Adam Gregg,314,243,71
Pottawattamie,Avoca,Governor,,REP,Kim Reynolds/Adam Gregg,478,367,111
Pottawattamie,Carson,Governor,,REP,Kim Reynolds/Adam Gregg,264,207,57
Pottawattamie,Crescent,Governor,,REP,Kim Reynolds/Adam Gregg,792,462,330
Pottawattamie,Garner,Governor,,REP,Kim Reynolds/Adam Gregg,1058,569,489
Pottawattamie,GLWCW,Governor,,REP,Kim Reynolds/Adam Gregg,292,164,128
Pottawattamie,Hancock,Governor,,REP,Kim Reynolds/Adam Gregg,134,120,14
Pottawattamie,Lewis 1,Governor,,REP,Kim Reynolds/Adam Gregg,711,390,321
Pottawattamie,Lewis 2,Governor,,REP,Kim Reynolds/Adam Gregg,854,459,395
Pottawattamie,Macedonia,Governor,,REP,Kim Reynolds/Adam Gregg,113,99,14
Pottawattamie,McClelland,Governor,,REP,Kim Reynolds/Adam Gregg,431,278,153
Pottawattamie,Minden,Governor,,REP,Kim Reynolds/Adam Gregg,434,315,119
Pottawattamie,Neola,Governor,,REP,Kim Reynolds/Adam Gregg,592,361,231
Pottawattamie,Oakland,Governor,,REP,Kim Reynolds/Adam Gregg,619,433,186
Pottawattamie,Treynor,Governor,,REP,Kim Reynolds/Adam Gregg,628,460,168
Pottawattamie,Underwood,Governor,,REP,Kim Reynolds/Adam Gregg,816,535,281
Pottawattamie,Walnut,Governor,,REP,Kim Reynolds/Adam Gregg,225,189,36
Pottawattamie,CB 01,Governor,,DEM,Fred Hubbell/Rita R. Hart,314,188,126
Pottawattamie,CB 02,Governor,,DEM,Fred Hubbell/Rita R. Hart,439,233,206
Pottawattamie,CB 03,Governor,,DEM,Fred Hubbell/Rita R. Hart,343,191,152
Pottawattamie,CB 04,Governor,,DEM,Fred Hubbell/Rita R. Hart,358,161,197
Pottawattamie,CB 05,Governor,,DEM,Fred Hubbell/Rita R. Hart,367,181,186
Pottawattamie,CB 06,Governor,,DEM,Fred Hubbell/Rita R. Hart,545,289,256
Pottawattamie,CB 07,Governor,,DEM,Fred Hubbell/Rita R. Hart,516,292,224
Pottawattamie,CB 08,Governor,,DEM,Fred Hubbell/Rita R. Hart,648,332,316
Pottawattamie,CB 09,Governor,,DEM,Fred Hubbell/Rita R. Hart,465,217,248
Pottawattamie,CB 10A,Governor,,DEM,Fred Hubbell/Rita R. Hart,733,347,386
Pottawattamie,CB 10B,Governor,,DEM,Fred Hubbell/Rita R. Hart,584,333,251
Pottawattamie,CB 11,Governor,,DEM,Fred Hubbell/Rita R. Hart,612,333,279
Pottawattamie,CB 12,Governor,,DEM,Fred Hubbell/Rita R. Hart,503,268,235
Pottawattamie,CB 13,Governor,,DEM,Fred Hubbell/Rita R. Hart,337,187,150
Pottawattamie,CB 14,Governor,,DEM,Fred Hubbell/Rita R. Hart,344,199,145
Pottawattamie,CB 15,Governor,,DEM,Fred Hubbell/Rita R. Hart,371,173,198
Pottawattamie,CB 16,Governor,,DEM,Fred Hubbell/Rita R. Hart,345,172,173
Pottawattamie,CB 17,Governor,,DEM,Fred Hubbell/Rita R. Hart,501,245,256
Pottawattamie,CB 18,Governor,,DEM,Fred Hubbell/Rita R. Hart,428,230,198
Pottawattamie,CB 19,Governor,,DEM,Fred Hubbell/Rita R. Hart,320,169,151
Pottawattamie,CB 20,Governor,,DEM,Fred Hubbell/Rita R. Hart,306,183,123
Pottawattamie,CB 21,Governor,,DEM,Fred Hubbell/Rita R. Hart,260,128,132
Pottawattamie,Carter Lake 1,Governor,,DEM,Fred Hubbell/Rita R. Hart,254,165,89
Pottawattamie,Carter Lake 2,Governor,,DEM,Fred Hubbell/Rita R. Hart,223,167,56
Pottawattamie,Avoca,Governor,,DEM,Fred Hubbell/Rita R. Hart,285,207,78
Pottawattamie,Carson,Governor,,DEM,Fred Hubbell/Rita R. Hart,120,101,19
Pottawattamie,Crescent,Governor,,DEM,Fred Hubbell/Rita R. Hart,481,241,240
Pottawattamie,Garner,Governor,,DEM,Fred Hubbell/Rita R. Hart,518,260,258
Pottawattamie,GLWCW,Governor,,DEM,Fred Hubbell/Rita R. Hart,101,62,39
Pottawattamie,Hancock,Governor,,DEM,Fred Hubbell/Rita R. Hart,59,50,9
Pottawattamie,Lewis 1,Governor,,DEM,Fred Hubbell/Rita R. Hart,409,230,179
Pottawattamie,Lewis 2,Governor,,DEM,Fred Hubbell/Rita R. Hart,407,208,199
Pottawattamie,Macedonia,Governor,,DEM,Fred Hubbell/Rita R. Hart,47,36,11
Pottawattamie,McClelland,Governor,,DEM,Fred Hubbell/Rita R. Hart,123,73,50
Pottawattamie,Minden,Governor,,DEM,Fred Hubbell/Rita R. Hart,165,121,44
Pottawattamie,Neola,Governor,,DEM,Fred Hubbell/Rita R. Hart,285,185,100
Pottawattamie,Oakland,Governor,,DEM,Fred Hubbell/Rita R. Hart,284,198,86
Pottawattamie,Treynor,Governor,,DEM,Fred Hubbell/Rita R. Hart,229,171,58
Pottawattamie,Underwood,Governor,,DEM,Fred Hubbell/Rita R. Hart,474,272,202
Pottawattamie,Walnut,Governor,,DEM,Fred Hubbell/Rita R. Hart,131,98,33
Pottawattamie,CB 01,Governor,,LIB,Jake Porter/Lynne Gentry,21,16,5
Pottawattamie,CB 02,Governor,,LIB,Jake Porter/Lynne Gentry,20,13,7
Pottawattamie,CB 03,Governor,,LIB,Jake Porter/Lynne Gentry,18,13,5
Pottawattamie,CB 04,Governor,,LIB,Jake Porter/Lynne Gentry,19,12,7
Pottawattamie,CB 05,Governor,,LIB,Jake Porter/Lynne Gentry,20,11,9
Pottawattamie,CB 06,Governor,,LIB,Jake Porter/Lynne Gentry,31,22,9
Pottawattamie,CB 07,Governor,,LIB,Jake Porter/Lynne Gentry,32,22,10
Pottawattamie,CB 08,Governor,,LIB,Jake Porter/Lynne Gentry,29,17,12
Pottawattamie,CB 09,Governor,,LIB,Jake Porter/Lynne Gentry,21,13,8
Pottawattamie,CB 10A,Governor,,LIB,Jake Porter/Lynne Gentry,23,18,5
Pottawattamie,CB 10B,Governor,,LIB,Jake Porter/Lynne Gentry,11,9,2
Pottawattamie,CB 11,Governor,,LIB,Jake Porter/Lynne Gentry,37,28,9
Pottawattamie,CB 12,Governor,,LIB,Jake Porter/Lynne Gentry,25,16,9
Pottawattamie,CB 13,Governor,,LIB,Jake Porter/Lynne Gentry,19,14,5
Pottawattamie,CB 14,Governor,,LIB,Jake Porter/Lynne Gentry,16,15,1
Pottawattamie,CB 15,Governor,,LIB,Jake Porter/Lynne Gentry,11,6,5
Pottawattamie,CB 16,Governor,,LIB,Jake Porter/Lynne Gentry,28,19,9
Pottawattamie,CB 17,Governor,,LIB,Jake Porter/Lynne Gentry,31,17,14
Pottawattamie,CB 18,Governor,,LIB,Jake Porter/Lynne Gentry,16,9,7
Pottawattamie,CB 19,Governor,,LIB,Jake Porter/Lynne Gentry,5,5,0
Pottawattamie,CB 20,Governor,,LIB,Jake Porter/Lynne Gentry,18,12,6
Pottawattamie,CB 21,Governor,,LIB,Jake Porter/Lynne Gentry,15,11,4
Pottawattamie,Carter Lake 1,Governor,,LIB,Jake Porter/Lynne Gentry,3,1,2
Pottawattamie,Carter Lake 2,Governor,,LIB,Jake Porter/Lynne Gentry,16,12,4
Pottawattamie,Avoca,Governor,,LIB,Jake Porter/Lynne Gentry,13,10,3
Pottawattamie,Carson,Governor,,LIB,Jake Porter/Lynne Gentry,6,4,2
Pottawattamie,Crescent,Governor,,LIB,Jake Porter/Lynne Gentry,26,16,10
Pottawattamie,Garner,Governor,,LIB,Jake Porter/Lynne Gentry,22,15,7
Pottawattamie,GLWCW,Governor,,LIB,Jake Porter/Lynne Gentry,5,4,1
Pottawattamie,Hancock,Governor,,LIB,Jake Porter/Lynne Gentry,2,2,0
Pottawattamie,Lewis 1,Governor,,LIB,Jake Porter/Lynne Gentry,9,7,2
Pottawattamie,Lewis 2,Governor,,LIB,Jake Porter/Lynne Gentry,22,8,14
Pottawattamie,Macedonia,Governor,,LIB,Jake Porter/Lynne Gentry,4,4,0
Pottawattamie,McClelland,Governor,,LIB,Jake Porter/Lynne Gentry,2,1,1
Pottawattamie,Minden,Governor,,LIB,Jake Porter/Lynne Gentry,6,3,3
Pottawattamie,Neola,Governor,,LIB,Jake Porter/Lynne Gentry,8,6,2
Pottawattamie,Oakland,Governor,,LIB,Jake Porter/Lynne Gentry,6,4,2
Pottawattamie,Treynor,Governor,,LIB,Jake Porter/Lynne Gentry,9,4,5
Pottawattamie,Underwood,Governor,,LIB,Jake Porter/Lynne Gentry,22,17,5
Pottawattamie,Walnut,Governor,,LIB,Jake Porter/Lynne Gentry,13,12,1
Pottawattamie,CB 01,Governor,,CWP,Gary Siegwarth/Natalia Blaskovich,5,2,3
Pottawattamie,CB 02,Governor,,CWP,Gary Siegwarth/Natalia Blaskovich,3,3,0
Pottawattamie,CB 03,Governor,,CWP,Gary Siegwarth/Natalia Blaskovich,4,4,0
Pottawattamie,CB 04,Governor,,CWP,Gary Siegwarth/Natalia Blaskovich,5,1,4
Pottawattamie,CB 05,Governor,,CWP,Gary Siegwarth/Natalia Blaskovich,4,1,3
Pottawattamie,CB 06,Governor,,CWP,Gary Siegwarth/Natalia Blaskovich,8,5,3
Pottawattamie,CB 07,Governor,,CWP,Gary Siegwarth/Natalia Blaskovich,14,10,4
Pottawattamie,CB 08,Governor,,CWP,Gary Siegwarth/Natalia Blaskovich,3,1,2
Pottawattamie,CB 09,Governor,,CWP,Gary Siegwarth/Natalia Blaskovich,7,7,0
Pottawattamie,CB 10A,Governor,,CWP,Gary Siegwarth/Natalia Blaskovich,6,5,1
Pottawattamie,CB 10B,Governor,,CWP,Gary Siegwarth/Natalia Blaskovich,5,3,2
Pottawattamie,CB 11,Governor,,CWP,Gary Siegwarth/Natalia Blaskovich,4,2,2
Pottawattamie,CB 12,Governor,,CWP,Gary Siegwarth/Natalia Blaskovich,5,2,3
Pottawattamie,CB 13,Governor,,CWP,Gary Siegwarth/Natalia Blaskovich,2,1,1
Pottawattamie,CB 14,Governor,,CWP,Gary Siegwarth/Natalia Blaskovich,8,6,2
Pottawattamie,CB 15,Governor,,CWP,Gary Siegwarth/Natalia Blaskovich,5,3,2
Pottawattamie,CB 16,Governor,,CWP,Gary Siegwarth/Natalia Blaskovich,9,5,4
Pottawattamie,CB 17,Governor,,CWP,Gary Siegwarth/Natalia Blaskovich,7,2,5
Pottawattamie,CB 18,Governor,,CWP,Gary Siegwarth/Natalia Blaskovich,7,2,5
Pottawattamie,CB 19,Governor,,CWP,Gary Siegwarth/Natalia Blaskovich,3,1,2
Pottawattamie,CB 20,Governor,,CWP,Gary Siegwarth/Natalia Blaskovich,3,2,1
Pottawattamie,CB 21,Governor,,CWP,Gary Siegwarth/Natalia Blaskovich,8,5,3
Pottawattamie,Carter Lake 1,Governor,,CWP,Gary Siegwarth/Natalia Blaskovich,6,3,3
Pottawattamie,Carter Lake 2,Governor,,CWP,Gary Siegwarth/Natalia Blaskovich,3,2,1
Pottawattamie,Avoca,Governor,,CWP,Gary Siegwarth/Natalia Blaskovich,3,1,2
Pottawattamie,Carson,Governor,,CWP,Gary Siegwarth/Natalia Blaskovich,1,1,0
Pottawattamie,Crescent,Governor,,CWP,Gary Siegwarth/Natalia Blaskovich,8,5,3
Pottawattamie,Garner,Governor,,CWP,Gary Siegwarth/Natalia Blaskovich,4,4,0
Pottawattamie,GLWCW,Governor,,CWP,Gary Siegwarth/Natalia Blaskovich,3,2,1
Pottawattamie,Hancock,Governor,,CWP,Gary Siegwarth/Natalia Blaskovich,0,0,0
Pottawattamie,Lewis 1,Governor,,CWP,Gary Siegwarth/Natalia Blaskovich,3,3,0
Pottawattamie,Lewis 2,Governor,,CWP,Gary Siegwarth/Natalia Blaskovich,5,1,4
Pottawattamie,Macedonia,Governor,,CWP,Gary Siegwarth/Natalia Blaskovich,0,0,0
Pottawattamie,McClelland,Governor,,CWP,Gary Siegwarth/Natalia Blaskovich,3,3,0
Pottawattamie,Minden,Governor,,CWP,Gary Siegwarth/Natalia Blaskovich,3,3,0
Pottawattamie,Neola,Governor,,CWP,Gary Siegwarth/Natalia Blaskovich,3,0,3
Pottawattamie,Oakland,Governor,,CWP,Gary Siegwarth/Natalia Blaskovich,2,2,0
Pottawattamie,Treynor,Governor,,CWP,Gary Siegwarth/Natalia Blaskovich,1,1,0
Pottawattamie,Underwood,Governor,,CWP,Gary Siegwarth/Natalia Blaskovich,5,1,4
Pottawattamie,Walnut,Governor,,CWP,Gary Siegwarth/Natalia Blaskovich,2,1,1
Pottawattamie,CB 01,Governor,,,Write-in,0,0,0
Pottawattamie,CB 02,Governor,,,Write-in,2,1,1
Pottawattamie,CB 03,Governor,,,Write-in,1,1,0
Pottawattamie,CB 04,Governor,,,Write-in,0,0,0
Pottawattamie,CB 05,Governor,,,Write-in,1,1,0
Pottawattamie,CB 06,Governor,,,Write-in,1,0,1
Pottawattamie,CB 07,Governor,,,Write-in,0,0,0
Pottawattamie,CB 08,Governor,,,Write-in,0,0,0
Pottawattamie,CB 09,Governor,,,Write-in,0,0,0
Pottawattamie,CB 10A,Governor,,,Write-in,0,0,0
Pottawattamie,CB 10B,Governor,,,Write-in,1,1,0
Pottawattamie,CB 11,Governor,,,Write-in,0,0,0
Pottawattamie,CB 12,Governor,,,Write-in,0,0,0
Pottawattamie,CB 13,Governor,,,Write-in,0,0,0
Pottawattamie,CB 14,Governor,,,Write-in,0,0,0
Pottawattamie,CB 15,Governor,,,Write-in,0,0,0
Pottawattamie,CB 16,Governor,,,Write-in,0,0,0
Pottawattamie,CB 17,Governor,,,Write-in,0,0,0
Pottawattamie,CB 18,Governor,,,Write-in,1,1,0
Pottawattamie,CB 19,Governor,,,Write-in,0,0,0
Pottawattamie,CB 20,Governor,,,Write-in,1,1,0
Pottawattamie,CB 21,Governor,,,Write-in,0,0,0
Pottawattamie,Carter Lake 1,Governor,,,Write-in,1,1,0
Pottawattamie,Carter Lake 2,Governor,,,Write-in,1,1,0
Pottawattamie,Avoca,Governor,,,Write-in,0,0,0
Pottawattamie,Carson,Governor,,,Write-in,1,0,1
Pottawattamie,Crescent,Governor,,,Write-in,1,1,0
Pottawattamie,Garner,Governor,,,Write-in,1,0,1
Pottawattamie,GLWCW,Governor,,,Write-in,1,0,1
Pottawattamie,Hancock,Governor,,,Write-in,0,0,0
Pottawattamie,Lewis 1,Governor,,,Write-in,0,0,0
Pottawattamie,Lewis 2,Governor,,,Write-in,0,0,0
Pottawattamie,Macedonia,Governor,,,Write-in,0,0,0
Pottawattamie,McClelland,Governor,,,Write-in,0,0,0
Pottawattamie,Minden,Governor,,,Write-in,0,0,0
Pottawattamie,Neola,Governor,,,Write-in,1,1,0
Pottawattamie,Oakland,Governor,,,Write-in,1,1,0
Pottawattamie,Treynor,Governor,,,Write-in,2,1,1
Pottawattamie,Underwood,Governor,,,Write-in,1,1,0
Pottawattamie,Walnut,Governor,,,Write-in,0,0,0
Pottawattamie,CB 01,Secretary of State,,REP,Paul D. Pate,253,170,83
Pottawattamie,CB 02,Secretary of State,,REP,Paul D. Pate,438,269,169
Pottawattamie,CB 03,Secretary of State,,REP,Paul D. Pate,326,227,99
Pottawattamie,CB 04,Secretary of State,,REP,Paul D. Pate,357,201,156
Pottawattamie,CB 05,Secretary of State,,REP,Paul D. Pate,378,207,171
Pottawattamie,CB 06,Secretary of State,,REP,Paul D. Pate,552,336,216
Pottawattamie,CB 07,Secretary of State,,REP,Paul D. Pate,563,350,213
Pottawattamie,CB 08,Secretary of State,,REP,Paul D. Pate,743,413,330
Pottawattamie,CB 09,Secretary of State,,REP,Paul D. Pate,540,261,279
Pottawattamie,CB 10A,Secretary of State,,REP,Paul D. Pate,823,462,361
Pottawattamie,CB 10B,Secretary of State,,REP,Paul D. Pate,860,484,376
Pottawattamie,CB 11,Secretary of State,,REP,Paul D. Pate,524,349,175
Pottawattamie,CB 12,Secretary of State,,REP,Paul D. Pate,639,351,288
Pottawattamie,CB 13,Secretary of State,,REP,Paul D. Pate,249,151,98
Pottawattamie,CB 14,Secretary of State,,REP,Paul D. Pate,266,169,97
Pottawattamie,CB 15,Secretary of State,,REP,Paul D. Pate,289,158,131
Pottawattamie,CB 16,Secretary of State,,REP,Paul D. Pate,319,184,135
Pottawattamie,CB 17,Secretary of State,,REP,Paul D. Pate,407,248,159
Pottawattamie,CB 18,Secretary of State,,REP,Paul D. Pate,416,264,152
Pottawattamie,CB 19,Secretary of State,,REP,Paul D. Pate,300,171,129
Pottawattamie,CB 20,Secretary of State,,REP,Paul D. Pate,458,288,170
Pottawattamie,CB 21,Secretary of State,,REP,Paul D. Pate,364,205,159
Pottawattamie,Carter Lake 1,Secretary of State,,REP,Paul D. Pate,323,242,81
Pottawattamie,Carter Lake 2,Secretary of State,,REP,Paul D. Pate,305,238,67
Pottawattamie,Avoca,Secretary of State,,REP,Paul D. Pate,475,364,111
Pottawattamie,Carson,Secretary of State,,REP,Paul D. Pate,270,215,55
Pottawattamie,Crescent,Secretary of State,,REP,Paul D. Pate,797,467,330
Pottawattamie,Garner,Secretary of State,,REP,Paul D. Pate,1061,577,484
Pottawattamie,GLWCW,Secretary of State,,REP,Paul D. Pate,303,171,132
Pottawattamie,Hancock,Secretary of State,,REP,Paul D. Pate,139,126,13
Pottawattamie,Lewis 1,Secretary of State,,REP,Paul D. Pate,715,401,314
Pottawattamie,Lewis 2,Secretary of State,,REP,Paul D. Pate,857,459,398
Pottawattamie,Macedonia,Secretary of State,,REP,Paul D. Pate,120,105,15
Pottawattamie,McClelland,Secretary of State,,REP,Paul D. Pate,423,272,151
Pottawattamie,Minden,Secretary of State,,REP,Paul D. Pate,443,322,121
Pottawattamie,Neola,Secretary of State,,REP,Paul D. Pate,582,361,221
Pottawattamie,Oakland,Secretary of State,,REP,Paul D. Pate,639,453,186
Pottawattamie,Treynor,Secretary of State,,REP,Paul D. Pate,626,456,170
Pottawattamie,Underwood,Secretary of State,,REP,Paul D. Pate,837,559,278
Pottawattamie,Walnut,Secretary of State,,REP,Paul D. Pate,224,183,41
Pottawattamie,CB 01,Secretary of State,,DEM,Deidre DeJear,320,192,128
Pottawattamie,CB 02,Secretary of State,,DEM,Deidre DeJear,413,211,202
Pottawattamie,CB 03,Secretary of State,,DEM,Deidre DeJear,339,182,157
Pottawattamie,CB 04,Secretary of State,,DEM,Deidre DeJear,350,156,194
Pottawattamie,CB 05,Secretary of State,,DEM,Deidre DeJear,371,175,196
Pottawattamie,CB 06,Secretary of State,,DEM,Deidre DeJear,518,271,247
Pottawattamie,CB 07,Secretary of State,,DEM,Deidre DeJear,502,284,218
Pottawattamie,CB 08,Secretary of State,,DEM,Deidre DeJear,609,310,299
Pottawattamie,CB 09,Secretary of State,,DEM,Deidre DeJear,435,202,233
Pottawattamie,CB 10A,Secretary of State,,DEM,Deidre DeJear,677,309,368
Pottawattamie,CB 10B,Secretary of State,,DEM,Deidre DeJear,513,294,219
Pottawattamie,CB 11,Secretary of State,,DEM,Deidre DeJear,581,311,270
Pottawattamie,CB 12,Secretary of State,,DEM,Deidre DeJear,482,249,233
Pottawattamie,CB 13,Secretary of State,,DEM,Deidre DeJear,330,182,148
Pottawattamie,CB 14,Secretary of State,,DEM,Deidre DeJear,330,189,141
Pottawattamie,CB 15,Secretary of State,,DEM,Deidre DeJear,351,164,187
Pottawattamie,CB 16,Secretary of State,,DEM,Deidre DeJear,347,172,175
Pottawattamie,CB 17,Secretary of State,,DEM,Deidre DeJear,480,229,251
Pottawattamie,CB 18,Secretary of State,,DEM,Deidre DeJear,424,228,196
Pottawattamie,CB 19,Secretary of State,,DEM,Deidre DeJear,309,161,148
Pottawattamie,CB 20,Secretary of State,,DEM,Deidre DeJear,295,174,121
Pottawattamie,CB 21,Secretary of State,,DEM,Deidre DeJear,267,130,137
Pottawattamie,Carter Lake 1,Secretary of State,,DEM,Deidre DeJear,236,152,84
Pottawattamie,Carter Lake 2,Secretary of State,,DEM,Deidre DeJear,222,164,58
Pottawattamie,Avoca,Secretary of State,,DEM,Deidre DeJear,258,184,74
Pottawattamie,Carson,Secretary of State,,DEM,Deidre DeJear,105,88,17
Pottawattamie,Crescent,Secretary of State,,DEM,Deidre DeJear,450,223,227
Pottawattamie,Garner,Secretary of State,,DEM,Deidre DeJear,479,232,247
Pottawattamie,GLWCW,Secretary of State,,DEM,Deidre DeJear,82,51,31
Pottawattamie,Hancock,Secretary of State,,DEM,Deidre DeJear,44,35,9
Pottawattamie,Lewis 1,Secretary of State,,DEM,Deidre DeJear,378,207,171
Pottawattamie,Lewis 2,Secretary of State,,DEM,Deidre DeJear,390,199,191
Pottawattamie,Macedonia,Secretary of State,,DEM,Deidre DeJear,41,31,10
Pottawattamie,McClelland,Secretary of State,,DEM,Deidre DeJear,117,72,45
Pottawattamie,Minden,Secretary of State,,DEM,Deidre DeJear,144,101,43
Pottawattamie,Neola,Secretary of State,,DEM,Deidre DeJear,258,165,93
Pottawattamie,Oakland,Secretary of State,,DEM,Deidre DeJear,244,164,80
Pottawattamie,Treynor,Secretary of State,,DEM,Deidre DeJear,203,146,57
Pottawattamie,Underwood,Secretary of State,,DEM,Deidre DeJear,451,246,205
Pottawattamie,Walnut,Secretary of State,,DEM,Deidre DeJear,130,102,28
Pottawattamie,CB 01,Secretary of State,,LIB,Jules Ofenbakh,20,13,7
Pottawattamie,CB 02,Secretary of State,,LIB,Jules Ofenbakh,31,20,11
Pottawattamie,CB 03,Secretary of State,,LIB,Jules Ofenbakh,19,16,3
Pottawattamie,CB 04,Secretary of State,,LIB,Jules Ofenbakh,20,10,10
Pottawattamie,CB 05,Secretary of State,,LIB,Jules Ofenbakh,22,15,7
Pottawattamie,CB 06,Secretary of State,,LIB,Jules Ofenbakh,35,26,9
Pottawattamie,CB 07,Secretary of State,,LIB,Jules Ofenbakh,38,24,14
Pottawattamie,CB 08,Secretary of State,,LIB,Jules Ofenbakh,32,22,10
Pottawattamie,CB 09,Secretary of State,,LIB,Jules Ofenbakh,24,17,7
Pottawattamie,CB 10A,Secretary of State,,LIB,Jules Ofenbakh,25,17,8
Pottawattamie,CB 10B,Secretary of State,,LIB,Jules Ofenbakh,17,12,5
Pottawattamie,CB 11,Secretary of State,,LIB,Jules Ofenbakh,39,28,11
Pottawattamie,CB 12,Secretary of State,,LIB,Jules Ofenbakh,38,30,8
Pottawattamie,CB 13,Secretary of State,,LIB,Jules Ofenbakh,22,15,7
Pottawattamie,CB 14,Secretary of State,,LIB,Jules Ofenbakh,31,28,3
Pottawattamie,CB 15,Secretary of State,,LIB,Jules Ofenbakh,26,13,13
Pottawattamie,CB 16,Secretary of State,,LIB,Jules Ofenbakh,28,19,9
Pottawattamie,CB 17,Secretary of State,,LIB,Jules Ofenbakh,35,18,17
Pottawattamie,CB 18,Secretary of State,,LIB,Jules Ofenbakh,20,12,8
Pottawattamie,CB 19,Secretary of State,,LIB,Jules Ofenbakh,21,19,2
Pottawattamie,CB 20,Secretary of State,,LIB,Jules Ofenbakh,21,17,4
Pottawattamie,CB 21,Secretary of State,,LIB,Jules Ofenbakh,14,9,5
Pottawattamie,Carter Lake 1,Secretary of State,,LIB,Jules Ofenbakh,15,10,5
Pottawattamie,Carter Lake 2,Secretary of State,,LIB,Jules Ofenbakh,21,14,7
Pottawattamie,Avoca,Secretary of State,,LIB,Jules Ofenbakh,22,15,7
Pottawattamie,Carson,Secretary of State,,LIB,Jules Ofenbakh,8,4,4
Pottawattamie,Crescent,Secretary of State,,LIB,Jules Ofenbakh,30,17,13
Pottawattamie,Garner,Secretary of State,,LIB,Jules Ofenbakh,29,17,12
Pottawattamie,GLWCW,Secretary of State,,LIB,Jules Ofenbakh,9,7,2
Pottawattamie,Hancock,Secretary of State,,LIB,Jules Ofenbakh,1,1,0
Pottawattamie,Lewis 1,Secretary of State,,LIB,Jules Ofenbakh,14,10,4
Pottawattamie,Lewis 2,Secretary of State,,LIB,Jules Ofenbakh,20,10,10
Pottawattamie,Macedonia,Secretary of State,,LIB,Jules Ofenbakh,1,1,0
Pottawattamie,McClelland,Secretary of State,,LIB,Jules Ofenbakh,11,8,3
Pottawattamie,Minden,Secretary of State,,LIB,Jules Ofenbakh,8,6,2
Pottawattamie,Neola,Secretary of State,,LIB,Jules Ofenbakh,18,13,5
Pottawattamie,Oakland,Secretary of State,,LIB,Jules Ofenbakh,10,5,5
Pottawattamie,Treynor,Secretary of State,,LIB,Jules Ofenbakh,20,18,2
Pottawattamie,Underwood,Secretary of State,,LIB,Jules Ofenbakh,16,9,7
Pottawattamie,Walnut,Secretary of State,,LIB,Jules Ofenbakh,10,9,1
Pottawattamie,CB 01,Secretary of State,,,Write-in,1,1,0
Pottawattamie,CB 02,Secretary of State,,,Write-in,1,1,0
Pottawattamie,CB 03,Secretary of State,,,Write-in,1,1,0
Pottawattamie,CB 04,Secretary of State,,,Write-in,0,0,0
Pottawattamie,CB 05,Secretary of State,,,Write-in,0,0,0
Pottawattamie,CB 06,Secretary of State,,,Write-in,0,0,0
Pottawattamie,CB 07,Secretary of State,,,Write-in,0,0,0
Pottawattamie,CB 08,Secretary of State,,,Write-in,0,0,0
Pottawattamie,CB 09,Secretary of State,,,Write-in,0,0,0
Pottawattamie,CB 10A,Secretary of State,,,Write-in,0,0,0
Pottawattamie,CB 10B,Secretary of State,,,Write-in,0,0,0
Pottawattamie,CB 11,Secretary of State,,,Write-in,1,1,0
Pottawattamie,CB 12,Secretary of State,,,Write-in,0,0,0
Pottawattamie,CB 13,Secretary of State,,,Write-in,0,0,0
Pottawattamie,CB 14,Secretary of State,,,Write-in,0,0,0
Pottawattamie,CB 15,Secretary of State,,,Write-in,1,1,0
Pottawattamie,CB 16,Secretary of State,,,Write-in,0,0,0
Pottawattamie,CB 17,Secretary of State,,,Write-in,0,0,0
Pottawattamie,CB 18,Secretary of State,,,Write-in,0,0,0
Pottawattamie,CB 19,Secretary of State,,,Write-in,0,0,0
Pottawattamie,CB 20,Secretary of State,,,Write-in,1,1,0
Pottawattamie,CB 21,Secretary of State,,,Write-in,0,0,0
Pottawattamie,Carter Lake 1,Secretary of State,,,Write-in,1,1,0
Pottawattamie,Carter Lake 2,Secretary of State,,,Write-in,0,0,0
Pottawattamie,Avoca,Secretary of State,,,Write-in,0,0,0
Pottawattamie,Carson,Secretary of State,,,Write-in,0,0,0
Pottawattamie,Crescent,Secretary of State,,,Write-in,1,1,0
Pottawattamie,Garner,Secretary of State,,,Write-in,1,1,0
Pottawattamie,GLWCW,Secretary of State,,,Write-in,1,0,1
Pottawattamie,Hancock,Secretary of State,,,Write-in,0,0,0
Pottawattamie,Lewis 1,Secretary of State,,,Write-in,0,0,0
Pottawattamie,Lewis 2,Secretary of State,,,Write-in,0,0,0
Pottawattamie,Macedonia,Secretary of State,,,Write-in,0,0,0
Pottawattamie,McClelland,Secretary of State,,,Write-in,0,0,0
Pottawattamie,Minden,Secretary of State,,,Write-in,0,0,0
Pottawattamie,Neola,Secretary of State,,,Write-in,0,0,0
Pottawattamie,Oakland,Secretary of State,,,Write-in,1,1,0
Pottawattamie,Treynor,Secretary of State,,,Write-in,1,0,1
Pottawattamie,Underwood,Secretary of State,,,Write-in,0,0,0
Pottawattamie,Walnut,Secretary of State,,,Write-in,1,1,0
Pottawattamie,CB 01,Auditor of State,,REP,Mary Mosiman,259,178,81
Pottawattamie,CB 02,Auditor of State,,REP,Mary Mosiman,440,270,170
Pottawattamie,CB 03,Auditor of State,,REP,Mary Mosiman,327,229,98
Pottawattamie,CB 04,Auditor of State,,REP,Mary Mosiman,348,192,156
Pottawattamie,CB 05,Auditor of State,,REP,Mary Mosiman,380,206,174
Pottawattamie,CB 06,Auditor of State,,REP,Mary Mosiman,538,319,219
Pottawattamie,CB 07,Auditor of State,,REP,Mary Mosiman,547,339,208
Pottawattamie,CB 08,Auditor of State,,REP,Mary Mosiman,720,397,323
Pottawattamie,CB 09,Auditor of State,,REP,Mary Mosiman,532,258,274
Pottawattamie,CB 10A,Auditor of State,,REP,Mary Mosiman,808,456,352
Pottawattamie,CB 10B,Auditor of State,,REP,Mary Mosiman,826,465,361
Pottawattamie,CB 11,Auditor of State,,REP,Mary Mosiman,511,335,176
Pottawattamie,CB 12,Auditor of State,,REP,Mary Mosiman,635,349,286
Pottawattamie,CB 13,Auditor of State,,REP,Mary Mosiman,254,159,95
Pottawattamie,CB 14,Auditor of State,,REP,Mary Mosiman,262,166,96
Pottawattamie,CB 15,Auditor of State,,REP,Mary Mosiman,297,156,141
Pottawattamie,CB 16,Auditor of State,,REP,Mary Mosiman,317,179,138
Pottawattamie,CB 17,Auditor of State,,REP,Mary Mosiman,407,249,158
Pottawattamie,CB 18,Auditor of State,,REP,Mary Mosiman,408,261,147
Pottawattamie,CB 19,Auditor of State,,REP,Mary Mosiman,302,172,130
Pottawattamie,CB 20,Auditor of State,,REP,Mary Mosiman,449,279,170
Pottawattamie,CB 21,Auditor of State,,REP,Mary Mosiman,366,206,160
Pottawattamie,Carter Lake 1,Auditor of State,,REP,Mary Mosiman,314,236,78
Pottawattamie,Carter Lake 2,Auditor of State,,REP,Mary Mosiman,311,241,70
Pottawattamie,Avoca,Auditor of State,,REP,Mary Mosiman,450,343,107
Pottawattamie,Carson,Auditor of State,,REP,Mary Mosiman,258,204,54
Pottawattamie,Crescent,Auditor of State,,REP,Mary Mosiman,774,448,326
Pottawattamie,Garner,Auditor of State,,REP,Mary Mosiman,1038,557,481
Pottawattamie,GLWCW,Auditor of State,,REP,Mary Mosiman,283,156,127
Pottawattamie,Hancock,Auditor of State,,REP,Mary Mosiman,121,108,13
Pottawattamie,Lewis 1,Auditor of State,,REP,Mary Mosiman,703,392,311
Pottawattamie,Lewis 2,Auditor of State,,REP,Mary Mosiman,829,445,384
Pottawattamie,Macedonia,Auditor of State,,REP,Mary Mosiman,116,101,15
Pottawattamie,McClelland,Auditor of State,,REP,Mary Mosiman,403,261,142
Pottawattamie,Minden,Auditor of State,,REP,Mary Mosiman,428,309,119
Pottawattamie,Neola,Auditor of State,,REP,Mary Mosiman,568,357,211
Pottawattamie,Oakland,Auditor of State,,REP,Mary Mosiman,627,443,184
Pottawattamie,Treynor,Auditor of State,,REP,Mary Mosiman,609,445,164
Pottawattamie,Underwood,Auditor of State,,REP,Mary Mosiman,815,540,275
Pottawattamie,Walnut,Auditor of State,,REP,Mary Mosiman,221,182,39
Pottawattamie,CB 01,Auditor of State,,DEM,Rob Sand,303,174,129
Pottawattamie,CB 02,Auditor of State,,DEM,Rob Sand,401,205,196
Pottawattamie,CB 03,Auditor of State,,DEM,Rob Sand,328,175,153
Pottawattamie,CB 04,Auditor of State,,DEM,Rob Sand,348,155,193
Pottawattamie,CB 05,Auditor of State,,DEM,Rob Sand,361,170,191
Pottawattamie,CB 06,Auditor of State,,DEM,Rob Sand,508,268,240
Pottawattamie,CB 07,Auditor of State,,DEM,Rob Sand,504,285,219
Pottawattamie,CB 08,Auditor of State,,DEM,Rob Sand,618,315,303
Pottawattamie,CB 09,Auditor of State,,DEM,Rob Sand,436,205,231
Pottawattamie,CB 10A,Auditor of State,,DEM,Rob Sand,663,296,367
Pottawattamie,CB 10B,Auditor of State,,DEM,Rob Sand,524,298,226
Pottawattamie,CB 11,Auditor of State,,DEM,Rob Sand,557,301,256
Pottawattamie,CB 12,Auditor of State,,DEM,Rob Sand,469,241,228
Pottawattamie,CB 13,Auditor of State,,DEM,Rob Sand,313,164,149
Pottawattamie,CB 14,Auditor of State,,DEM,Rob Sand,334,194,140
Pottawattamie,CB 15,Auditor of State,,DEM,Rob Sand,345,164,181
Pottawattamie,CB 16,Auditor of State,,DEM,Rob Sand,343,175,168
Pottawattamie,CB 17,Auditor of State,,DEM,Rob Sand,472,220,252
Pottawattamie,CB 18,Auditor of State,,DEM,Rob Sand,425,223,202
Pottawattamie,CB 19,Auditor of State,,DEM,Rob Sand,311,165,146
Pottawattamie,CB 20,Auditor of State,,DEM,Rob Sand,297,177,120
Pottawattamie,CB 21,Auditor of State,,DEM,Rob Sand,259,128,131
Pottawattamie,Carter Lake 1,Auditor of State,,DEM,Rob Sand,236,153,83
Pottawattamie,Carter Lake 2,Auditor of State,,DEM,Rob Sand,204,149,55
Pottawattamie,Avoca,Auditor of State,,DEM,Rob Sand,273,198,75
Pottawattamie,Carson,Auditor of State,,DEM,Rob Sand,111,96,15
Pottawattamie,Crescent,Auditor of State,,DEM,Rob Sand,457,230,227
Pottawattamie,Garner,Auditor of State,,DEM,Rob Sand,478,235,243
Pottawattamie,GLWCW,Auditor of State,,DEM,Rob Sand,91,55,36
Pottawattamie,Hancock,Auditor of State,,DEM,Rob Sand,55,46,9
Pottawattamie,Lewis 1,Auditor of State,,DEM,Rob Sand,382,206,176
Pottawattamie,Lewis 2,Auditor of State,,DEM,Rob Sand,395,200,195
Pottawattamie,Macedonia,Auditor of State,,DEM,Rob Sand,41,31,10
Pottawattamie,McClelland,Auditor of State,,DEM,Rob Sand,130,79,51
Pottawattamie,Minden,Auditor of State,,DEM,Rob Sand,151,109,42
Pottawattamie,Neola,Auditor of State,,DEM,Rob Sand,263,168,95
Pottawattamie,Oakland,Auditor of State,,DEM,Rob Sand,245,166,79
Pottawattamie,Treynor,Auditor of State,,DEM,Rob Sand,212,153,59
Pottawattamie,Underwood,Auditor of State,,DEM,Rob Sand,446,247,199
Pottawattamie,Walnut,Auditor of State,,DEM,Rob Sand,131,102,29
Pottawattamie,CB 01,Auditor of State,,LIB,Fred Perryman,26,21,5
Pottawattamie,CB 02,Auditor of State,,LIB,Fred Perryman,35,24,11
Pottawattamie,CB 03,Auditor of State,,LIB,Fred Perryman,23,19,4
Pottawattamie,CB 04,Auditor of State,,LIB,Fred Perryman,31,19,12
Pottawattamie,CB 05,Auditor of State,,LIB,Fred Perryman,31,20,11
Pottawattamie,CB 06,Auditor of State,,LIB,Fred Perryman,48,38,10
Pottawattamie,CB 07,Auditor of State,,LIB,Fred Perryman,51,34,17
Pottawattamie,CB 08,Auditor of State,,LIB,Fred Perryman,31,18,13
Pottawattamie,CB 09,Auditor of State,,LIB,Fred Perryman,28,18,10
Pottawattamie,CB 10A,Auditor of State,,LIB,Fred Perryman,43,29,14
Pottawattamie,CB 10B,Auditor of State,,LIB,Fred Perryman,25,19,6
Pottawattamie,CB 11,Auditor of State,,LIB,Fred Perryman,71,47,24
Pottawattamie,CB 12,Auditor of State,,LIB,Fred Perryman,46,35,11
Pottawattamie,CB 13,Auditor of State,,LIB,Fred Perryman,29,21,8
Pottawattamie,CB 14,Auditor of State,,LIB,Fred Perryman,28,25,3
Pottawattamie,CB 15,Auditor of State,,LIB,Fred Perryman,28,16,12
Pottawattamie,CB 16,Auditor of State,,LIB,Fred Perryman,33,20,13
Pottawattamie,CB 17,Auditor of State,,LIB,Fred Perryman,33,17,16
Pottawattamie,CB 18,Auditor of State,,LIB,Fred Perryman,27,18,9
Pottawattamie,CB 19,Auditor of State,,LIB,Fred Perryman,15,12,3
Pottawattamie,CB 20,Auditor of State,,LIB,Fred Perryman,20,18,2
Pottawattamie,CB 21,Auditor of State,,LIB,Fred Perryman,16,9,7
Pottawattamie,Carter Lake 1,Auditor of State,,LIB,Fred Perryman,20,12,8
Pottawattamie,Carter Lake 2,Auditor of State,,LIB,Fred Perryman,26,20,6
Pottawattamie,Avoca,Auditor of State,,LIB,Fred Perryman,30,23,7
Pottawattamie,Carson,Auditor of State,,LIB,Fred Perryman,12,7,5
Pottawattamie,Crescent,Auditor of State,,LIB,Fred Perryman,41,29,12
Pottawattamie,Garner,Auditor of State,,LIB,Fred Perryman,38,21,17
Pottawattamie,GLWCW,Auditor of State,,LIB,Fred Perryman,13,11,2
Pottawattamie,Hancock,Auditor of State,,LIB,Fred Perryman,3,3,0
Pottawattamie,Lewis 1,Auditor of State,,LIB,Fred Perryman,18,15,3
Pottawattamie,Lewis 2,Auditor of State,,LIB,Fred Perryman,37,20,17
Pottawattamie,Macedonia,Auditor of State,,LIB,Fred Perryman,6,6,0
Pottawattamie,McClelland,Auditor of State,,LIB,Fred Perryman,10,7,3
Pottawattamie,Minden,Auditor of State,,LIB,Fred Perryman,10,8,2
Pottawattamie,Neola,Auditor of State,,LIB,Fred Perryman,17,11,6
Pottawattamie,Oakland,Auditor of State,,LIB,Fred Perryman,15,10,5
Pottawattamie,Treynor,Auditor of State,,LIB,Fred Perryman,18,16,2
Pottawattamie,Underwood,Auditor of State,,LIB,Fred Perryman,29,19,10
Pottawattamie,Walnut,Auditor of State,,LIB,Fred Perryman,11,9,2
Pottawattamie,CB 01,Auditor of State,,,Write-in,0,0,0
Pottawattamie,CB 02,Auditor of State,,,Write-in,0,0,0
Pottawattamie,CB 03,Auditor of State,,,Write-in,2,1,1
Pottawattamie,CB 04,Auditor of State,,,Write-in,0,0,0
Pottawattamie,CB 05,Auditor of State,,,Write-in,1,0,1
Pottawattamie,CB 06,Auditor of State,,,Write-in,1,1,0
Pottawattamie,CB 07,Auditor of State,,,Write-in,0,0,0
Pottawattamie,CB 08,Auditor of State,,,Write-in,0,0,0
Pottawattamie,CB 09,Auditor of State,,,Write-in,0,0,0
Pottawattamie,CB 10A,Auditor of State,,,Write-in,0,0,0
Pottawattamie,CB 10B,Auditor of State,,,Write-in,0,0,0
Pottawattamie,CB 11,Auditor of State,,,Write-in,1,1,0
Pottawattamie,CB 12,Auditor of State,,,Write-in,0,0,0
Pottawattamie,CB 13,Auditor of State,,,Write-in,0,0,0
Pottawattamie,CB 14,Auditor of State,,,Write-in,0,0,0
Pottawattamie,CB 15,Auditor of State,,,Write-in,0,0,0
Pottawattamie,CB 16,Auditor of State,,,Write-in,0,0,0
Pottawattamie,CB 17,Auditor of State,,,Write-in,0,0,0
Pottawattamie,CB 18,Auditor of State,,,Write-in,0,0,0
Pottawattamie,CB 19,Auditor of State,,,Write-in,0,0,0
Pottawattamie,CB 20,Auditor of State,,,Write-in,1,1,0
Pottawattamie,CB 21,Auditor of State,,,Write-in,1,1,0
Pottawattamie,Carter Lake 1,Auditor of State,,,Write-in,1,1,0
Pottawattamie,Carter Lake 2,Auditor of State,,,Write-in,0,0,0
Pottawattamie,Avoca,Auditor of State,,,Write-in,0,0,0
Pottawattamie,Carson,Auditor of State,,,Write-in,0,0,0
Pottawattamie,Crescent,Auditor of State,,,Write-in,0,0,0
Pottawattamie,Garner,Auditor of State,,,Write-in,1,1,0
Pottawattamie,GLWCW,Auditor of State,,,Write-in,2,1,1
Pottawattamie,Hancock,Auditor of State,,,Write-in,0,0,0
Pottawattamie,Lewis 1,Auditor of State,,,Write-in,0,0,0
Pottawattamie,Lewis 2,Auditor of State,,,Write-in,0,0,0
Pottawattamie,Macedonia,Auditor of State,,,Write-in,0,0,0
Pottawattamie,McClelland,Auditor of State,,,Write-in,0,0,0
Pottawattamie,Minden,Auditor of State,,,Write-in,0,0,0
Pottawattamie,Neola,Auditor of State,,,Write-in,1,1,0
Pottawattamie,Oakland,Auditor of State,,,Write-in,1,1,0
Pottawattamie,Treynor,Auditor of State,,,Write-in,2,0,2
Pottawattamie,Underwood,Auditor of State,,,Write-in,0,0,0
Pottawattamie,Walnut,Auditor of State,,,Write-in,1,1,0
Pottawattamie,CB 01,Treasurer of State,,REP,Jeremy N. Davis,252,170,82
Pottawattamie,CB 02,Treasurer of State,,REP,Jeremy N. Davis,414,260,154
Pottawattamie,CB 03,Treasurer of State,,REP,Jeremy N. Davis,303,208,95
Pottawattamie,CB 04,Treasurer of State,,REP,Jeremy N. Davis,335,193,142
Pottawattamie,CB 05,Treasurer of State,,REP,Jeremy N. Davis,351,193,158
Pottawattamie,CB 06,Treasurer of State,,REP,Jeremy N. Davis,509,303,206
Pottawattamie,CB 07,Treasurer of State,,REP,Jeremy N. Davis,520,320,200
Pottawattamie,CB 08,Treasurer of State,,REP,Jeremy N. Davis,683,375,308
Pottawattamie,CB 09,Treasurer of State,,REP,Jeremy N. Davis,501,241,260
Pottawattamie,CB 10A,Treasurer of State,,REP,Jeremy N. Davis,750,428,322
Pottawattamie,CB 10B,Treasurer of State,,REP,Jeremy N. Davis,756,428,328
Pottawattamie,CB 11,Treasurer of State,,REP,Jeremy N. Davis,482,327,155
Pottawattamie,CB 12,Treasurer of State,,REP,Jeremy N. Davis,588,328,260
Pottawattamie,CB 13,Treasurer of State,,REP,Jeremy N. Davis,232,141,91
Pottawattamie,CB 14,Treasurer of State,,REP,Jeremy N. Davis,253,162,91
Pottawattamie,CB 15,Treasurer of State,,REP,Jeremy N. Davis,271,146,125
Pottawattamie,CB 16,Treasurer of State,,REP,Jeremy N. Davis,296,172,124
Pottawattamie,CB 17,Treasurer of State,,REP,Jeremy N. Davis,375,229,146
Pottawattamie,CB 18,Treasurer of State,,REP,Jeremy N. Davis,400,250,150
Pottawattamie,CB 19,Treasurer of State,,REP,Jeremy N. Davis,285,161,124
Pottawattamie,CB 20,Treasurer of State,,REP,Jeremy N. Davis,425,269,156
Pottawattamie,CB 21,Treasurer of State,,REP,Jeremy N. Davis,347,198,149
Pottawattamie,Carter Lake 1,Treasurer of State,,REP,Jeremy N. Davis,311,235,76
Pottawattamie,Carter Lake 2,Treasurer of State,,REP,Jeremy N. Davis,294,225,69
Pottawattamie,Avoca,Treasurer of State,,REP,Jeremy N. Davis,411,311,100
Pottawattamie,Carson,Treasurer of State,,REP,Jeremy N. Davis,248,198,50
Pottawattamie,Crescent,Treasurer of State,,REP,Jeremy N. Davis,751,441,310
Pottawattamie,Garner,Treasurer of State,,REP,Jeremy N. Davis,981,529,452
Pottawattamie,GLWCW,Treasurer of State,,REP,Jeremy N. Davis,263,145,118
Pottawattamie,Hancock,Treasurer of State,,REP,Jeremy N. Davis,113,101,12
Pottawattamie,Lewis 1,Treasurer of State,,REP,Jeremy N. Davis,668,373,295
Pottawattamie,Lewis 2,Treasurer of State,,REP,Jeremy N. Davis,807,429,378
Pottawattamie,Macedonia,Treasurer of State,,REP,Jeremy N. Davis,112,96,16
Pottawattamie,McClelland,Treasurer of State,,REP,Jeremy N. Davis,393,258,135
Pottawattamie,Minden,Treasurer of State,,REP,Jeremy N. Davis,398,284,114
Pottawattamie,Neola,Treasurer of State,,REP,Jeremy N. Davis,535,336,199
Pottawattamie,Oakland,Treasurer of State,,REP,Jeremy N. Davis,563,404,159
Pottawattamie,Treynor,Treasurer of State,,REP,Jeremy N. Davis,574,427,147
Pottawattamie,Underwood,Treasurer of State,,REP,Jeremy N. Davis,766,505,261
Pottawattamie,Walnut,Treasurer of State,,REP,Jeremy N. Davis,204,171,33
Pottawattamie,CB 01,Treasurer of State,,DEM,Michael L. Fitzgerald,313,184,129
Pottawattamie,CB 02,Treasurer of State,,DEM,Michael L. Fitzgerald,435,221,214
Pottawattamie,CB 03,Treasurer of State,,DEM,Michael L. Fitzgerald,351,196,155
Pottawattamie,CB 04,Treasurer of State,,DEM,Michael L. Fitzgerald,365,159,206
Pottawattamie,CB 05,Treasurer of State,,DEM,Michael L. Fitzgerald,385,184,201
Pottawattamie,CB 06,Treasurer of State,,DEM,Michael L. Fitzgerald,547,291,256
Pottawattamie,CB 07,Treasurer of State,,DEM,Michael L. Fitzgerald,528,303,225
Pottawattamie,CB 08,Treasurer of State,,DEM,Michael L. Fitzgerald,656,339,317
Pottawattamie,CB 09,Treasurer of State,,DEM,Michael L. Fitzgerald,471,223,248
Pottawattamie,CB 10A,Treasurer of State,,DEM,Michael L. Fitzgerald,726,327,399
Pottawattamie,CB 10B,Treasurer of State,,DEM,Michael L. Fitzgerald,597,337,260
Pottawattamie,CB 11,Treasurer of State,,DEM,Michael L. Fitzgerald,606,328,278
Pottawattamie,CB 12,Treasurer of State,,DEM,Michael L. Fitzgerald,519,263,256
Pottawattamie,CB 13,Treasurer of State,,DEM,Michael L. Fitzgerald,336,182,154
Pottawattamie,CB 14,Treasurer of State,,DEM,Michael L. Fitzgerald,346,201,145
Pottawattamie,CB 15,Treasurer of State,,DEM,Michael L. Fitzgerald,372,176,196
Pottawattamie,CB 16,Treasurer of State,,DEM,Michael L. Fitzgerald,360,179,181
Pottawattamie,CB 17,Treasurer of State,,DEM,Michael L. Fitzgerald,497,238,259
Pottawattamie,CB 18,Treasurer of State,,DEM,Michael L. Fitzgerald,435,236,199
Pottawattamie,CB 19,Treasurer of State,,DEM,Michael L. Fitzgerald,320,170,150
Pottawattamie,CB 20,Treasurer of State,,DEM,Michael L. Fitzgerald,324,190,134
Pottawattamie,CB 21,Treasurer of State,,DEM,Michael L. Fitzgerald,278,132,146
Pottawattamie,Carter Lake 1,Treasurer of State,,DEM,Michael L. Fitzgerald,243,156,87
Pottawattamie,Carter Lake 2,Treasurer of State,,DEM,Michael L. Fitzgerald,226,169,57
Pottawattamie,Avoca,Treasurer of State,,DEM,Michael L. Fitzgerald,323,242,81
Pottawattamie,Carson,Treasurer of State,,DEM,Michael L. Fitzgerald,120,103,17
Pottawattamie,Crescent,Treasurer of State,,DEM,Michael L. Fitzgerald,487,245,242
Pottawattamie,Garner,Treasurer of State,,DEM,Michael L. Fitzgerald,539,269,270
Pottawattamie,GLWCW,Treasurer of State,,DEM,Michael L. Fitzgerald,120,74,46
Pottawattamie,Hancock,Treasurer of State,,DEM,Michael L. Fitzgerald,61,53,8
Pottawattamie,Lewis 1,Treasurer of State,,DEM,Michael L. Fitzgerald,419,230,189
Pottawattamie,Lewis 2,Treasurer of State,,DEM,Michael L. Fitzgerald,425,221,204
Pottawattamie,Macedonia,Treasurer of State,,DEM,Michael L. Fitzgerald,46,37,9
Pottawattamie,McClelland,Treasurer of State,,DEM,Michael L. Fitzgerald,140,82,58
Pottawattamie,Minden,Treasurer of State,,DEM,Michael L. Fitzgerald,181,134,47
Pottawattamie,Neola,Treasurer of State,,DEM,Michael L. Fitzgerald,309,197,112
Pottawattamie,Oakland,Treasurer of State,,DEM,Michael L. Fitzgerald,309,205,104
Pottawattamie,Treynor,Treasurer of State,,DEM,Michael L. Fitzgerald,244,171,73
Pottawattamie,Underwood,Treasurer of State,,DEM,Michael L. Fitzgerald,500,288,212
Pottawattamie,Walnut,Treasurer of State,,DEM,Michael L. Fitzgerald,150,116,34
Pottawattamie,CB 01,Treasurer of State,,LIB,Timothy Hird,23,18,5
Pottawattamie,CB 02,Treasurer of State,,LIB,Timothy Hird,29,20,9
Pottawattamie,CB 03,Treasurer of State,,LIB,Timothy Hird,21,17,4
Pottawattamie,CB 04,Treasurer of State,,LIB,Timothy Hird,22,11,11
Pottawattamie,CB 05,Treasurer of State,,LIB,Timothy Hird,27,15,12
Pottawattamie,CB 06,Treasurer of State,,LIB,Timothy Hird,36,28,8
Pottawattamie,CB 07,Treasurer of State,,LIB,Timothy Hird,47,32,15
Pottawattamie,CB 08,Treasurer of State,,LIB,Timothy Hird,26,17,9
Pottawattamie,CB 09,Treasurer of State,,LIB,Timothy Hird,22,15,7
Pottawattamie,CB 10A,Treasurer of State,,LIB,Timothy Hird,34,22,12
Pottawattamie,CB 10B,Treasurer of State,,LIB,Timothy Hird,26,18,8
Pottawattamie,CB 11,Treasurer of State,,LIB,Timothy Hird,47,30,17
Pottawattamie,CB 12,Treasurer of State,,LIB,Timothy Hird,36,29,7
Pottawattamie,CB 13,Treasurer of State,,LIB,Timothy Hird,29,23,6
Pottawattamie,CB 14,Treasurer of State,,LIB,Timothy Hird,23,21,2
Pottawattamie,CB 15,Treasurer of State,,LIB,Timothy Hird,24,13,11
Pottawattamie,CB 16,Treasurer of State,,LIB,Timothy Hird,29,18,11
Pottawattamie,CB 17,Treasurer of State,,LIB,Timothy Hird,36,18,18
Pottawattamie,CB 18,Treasurer of State,,LIB,Timothy Hird,26,15,11
Pottawattamie,CB 19,Treasurer of State,,LIB,Timothy Hird,15,14,1
Pottawattamie,CB 20,Treasurer of State,,LIB,Timothy Hird,22,19,3
Pottawattamie,CB 21,Treasurer of State,,LIB,Timothy Hird,16,12,4
Pottawattamie,Carter Lake 1,Treasurer of State,,LIB,Timothy Hird,20,12,8
Pottawattamie,Carter Lake 2,Treasurer of State,,LIB,Timothy Hird,21,17,4
Pottawattamie,Avoca,Treasurer of State,,LIB,Timothy Hird,21,14,7
Pottawattamie,Carson,Treasurer of State,,LIB,Timothy Hird,14,8,6
Pottawattamie,Crescent,Treasurer of State,,LIB,Timothy Hird,37,24,13
Pottawattamie,Garner,Treasurer of State,,LIB,Timothy Hird,33,21,12
Pottawattamie,GLWCW,Treasurer of State,,LIB,Timothy Hird,6,6,0
Pottawattamie,Hancock,Treasurer of State,,LIB,Timothy Hird,6,4,2
Pottawattamie,Lewis 1,Treasurer of State,,LIB,Timothy Hird,17,13,4
Pottawattamie,Lewis 2,Treasurer of State,,LIB,Timothy Hird,28,15,13
Pottawattamie,Macedonia,Treasurer of State,,LIB,Timothy Hird,5,5,0
Pottawattamie,McClelland,Treasurer of State,,LIB,Timothy Hird,10,7,3
Pottawattamie,Minden,Treasurer of State,,LIB,Timothy Hird,8,5,3
Pottawattamie,Neola,Treasurer of State,,LIB,Timothy Hird,15,8,7
Pottawattamie,Oakland,Treasurer of State,,LIB,Timothy Hird,15,9,6
Pottawattamie,Treynor,Treasurer of State,,LIB,Timothy Hird,22,19,3
Pottawattamie,Underwood,Treasurer of State,,LIB,Timothy Hird,29,17,12
Pottawattamie,Walnut,Treasurer of State,,LIB,Timothy Hird,9,6,3
Pottawattamie,CB 01,Treasurer of State,,,Write-in,0,0,0
Pottawattamie,CB 02,Treasurer of State,,,Write-in,0,0,0
Pottawattamie,CB 03,Treasurer of State,,,Write-in,1,1,0
Pottawattamie,CB 04,Treasurer of State,,,Write-in,0,0,0
Pottawattamie,CB 05,Treasurer of State,,,Write-in,1,1,0
Pottawattamie,CB 06,Treasurer of State,,,Write-in,0,0,0
Pottawattamie,CB 07,Treasurer of State,,,Write-in,1,0,1
Pottawattamie,CB 08,Treasurer of State,,,Write-in,0,0,0
Pottawattamie,CB 09,Treasurer of State,,,Write-in,0,0,0
Pottawattamie,CB 10A,Treasurer of State,,,Write-in,0,0,0
Pottawattamie,CB 10B,Treasurer of State,,,Write-in,0,0,0
Pottawattamie,CB 11,Treasurer of State,,,Write-in,0,0,0
Pottawattamie,CB 12,Treasurer of State,,,Write-in,0,0,0
Pottawattamie,CB 13,Treasurer of State,,,Write-in,0,0,0
Pottawattamie,CB 14,Treasurer of State,,,Write-in,0,0,0
Pottawattamie,CB 15,Treasurer of State,,,Write-in,0,0,0
Pottawattamie,CB 16,Treasurer of State,,,Write-in,0,0,0
Pottawattamie,CB 17,Treasurer of State,,,Write-in,0,0,0
Pottawattamie,CB 18,Treasurer of State,,,Write-in,0,0,0
Pottawattamie,CB 19,Treasurer of State,,,Write-in,0,0,0
Pottawattamie,CB 20,Treasurer of State,,,Write-in,1,1,0
Pottawattamie,CB 21,Treasurer of State,,,Write-in,1,1,0
Pottawattamie,Carter Lake 1,Treasurer of State,,,Write-in,1,1,0
Pottawattamie,Carter Lake 2,Treasurer of State,,,Write-in,1,1,0
Pottawattamie,Avoca,Treasurer of State,,,Write-in,0,0,0
Pottawattamie,Carson,Treasurer of State,,,Write-in,1,1,0
Pottawattamie,Crescent,Treasurer of State,,,Write-in,1,0,1
Pottawattamie,Garner,Treasurer of State,,,Write-in,2,2,0
Pottawattamie,GLWCW,Treasurer of State,,,Write-in,1,0,1
Pottawattamie,Hancock,Treasurer of State,,,Write-in,0,0,0
Pottawattamie,Lewis 1,Treasurer of State,,,Write-in,0,0,0
Pottawattamie,Lewis 2,Treasurer of State,,,Write-in,0,0,0
Pottawattamie,Macedonia,Treasurer of State,,,Write-in,0,0,0
Pottawattamie,McClelland,Treasurer of State,,,Write-in,0,0,0
Pottawattamie,Minden,Treasurer of State,,,Write-in,0,0,0
Pottawattamie,Neola,Treasurer of State,,,Write-in,0,0,0
Pottawattamie,Oakland,Treasurer of State,,,Write-in,1,1,0
Pottawattamie,Treynor,Treasurer of State,,,Write-in,2,0,2
Pottawattamie,Underwood,Treasurer of State,,,Write-in,0,0,0
Pottawattamie,Walnut,Treasurer of State,,,Write-in,1,1,0
Pottawattamie,CB 01,Secretary of Agriculture,,REP,Mike Naig,262,179,83
Pottawattamie,CB 02,Secretary of Agriculture,,REP,Mike Naig,417,256,161
Pottawattamie,CB 03,Secretary of Agriculture,,REP,Mike Naig,307,210,97
Pottawattamie,CB 04,Secretary of Agriculture,,REP,Mike Naig,329,184,145
Pottawattamie,CB 05,Secretary of Agriculture,,REP,Mike Naig,373,199,174
Pottawattamie,CB 06,Secretary of Agriculture,,REP,Mike Naig,525,316,209
Pottawattamie,CB 07,Secretary of Agriculture,,REP,Mike Naig,535,328,207
Pottawattamie,CB 08,Secretary of Agriculture,,REP,Mike Naig,708,396,312
Pottawattamie,CB 09,Secretary of Agriculture,,REP,Mike Naig,522,249,273
Pottawattamie,CB 10A,Secretary of Agriculture,,REP,Mike Naig,795,449,346
Pottawattamie,CB 10B,Secretary of Agriculture,,REP,Mike Naig,814,454,360
Pottawattamie,CB 11,Secretary of Agriculture,,REP,Mike Naig,508,336,172
Pottawattamie,CB 12,Secretary of Agriculture,,REP,Mike Naig,618,338,280
Pottawattamie,CB 13,Secretary of Agriculture,,REP,Mike Naig,243,151,92
Pottawattamie,CB 14,Secretary of Agriculture,,REP,Mike Naig,253,165,88
Pottawattamie,CB 15,Secretary of Agriculture,,REP,Mike Naig,283,153,130
Pottawattamie,CB 16,Secretary of Agriculture,,REP,Mike Naig,308,175,133
Pottawattamie,CB 17,Secretary of Agriculture,,REP,Mike Naig,391,236,155
Pottawattamie,CB 18,Secretary of Agriculture,,REP,Mike Naig,385,244,141
Pottawattamie,CB 19,Secretary of Agriculture,,REP,Mike Naig,284,162,122
Pottawattamie,CB 20,Secretary of Agriculture,,REP,Mike Naig,445,283,162
Pottawattamie,CB 21,Secretary of Agriculture,,REP,Mike Naig,351,201,150
Pottawattamie,Carter Lake 1,Secretary of Agriculture,,REP,Mike Naig,312,239,73
Pottawattamie,Carter Lake 2,Secretary of Agriculture,,REP,Mike Naig,293,226,67
Pottawattamie,Avoca,Secretary of Agriculture,,REP,Mike Naig,440,333,107
Pottawattamie,Carson,Secretary of Agriculture,,REP,Mike Naig,258,204,54
Pottawattamie,Crescent,Secretary of Agriculture,,REP,Mike Naig,774,450,324
Pottawattamie,Garner,Secretary of Agriculture,,REP,Mike Naig,1019,539,480
Pottawattamie,GLWCW,Secretary of Agriculture,,REP,Mike Naig,290,161,129
Pottawattamie,Hancock,Secretary of Agriculture,,REP,Mike Naig,133,119,14
Pottawattamie,Lewis 1,Secretary of Agriculture,,REP,Mike Naig,701,391,310
Pottawattamie,Lewis 2,Secretary of Agriculture,,REP,Mike Naig,822,438,384
Pottawattamie,Macedonia,Secretary of Agriculture,,REP,Mike Naig,110,95,15
Pottawattamie,McClelland,Secretary of Agriculture,,REP,Mike Naig,404,261,143
Pottawattamie,Minden,Secretary of Agriculture,,REP,Mike Naig,416,301,115
Pottawattamie,Neola,Secretary of Agriculture,,REP,Mike Naig,569,350,219
Pottawattamie,Oakland,Secretary of Agriculture,,REP,Mike Naig,613,435,178
Pottawattamie,Treynor,Secretary of Agriculture,,REP,Mike Naig,630,461,169
Pottawattamie,Underwood,Secretary of Agriculture,,REP,Mike Naig,803,531,272
Pottawattamie,Walnut,Secretary of Agriculture,,REP,Mike Naig,217,180,37
Pottawattamie,CB 01,Secretary of Agriculture,,DEM,Tim Gannon,308,179,129
Pottawattamie,CB 02,Secretary of Agriculture,,DEM,Tim Gannon,416,215,201
Pottawattamie,CB 03,Secretary of Agriculture,,DEM,Tim Gannon,341,188,153
Pottawattamie,CB 04,Secretary of Agriculture,,DEM,Tim Gannon,368,169,199
Pottawattamie,CB 05,Secretary of Agriculture,,DEM,Tim Gannon,372,181,191
Pottawattamie,CB 06,Secretary of Agriculture,,DEM,Tim Gannon,538,290,248
Pottawattamie,CB 07,Secretary of Agriculture,,DEM,Tim Gannon,510,294,216
Pottawattamie,CB 08,Secretary of Agriculture,,DEM,Tim Gannon,630,320,310
Pottawattamie,CB 09,Secretary of Agriculture,,DEM,Tim Gannon,440,209,231
Pottawattamie,CB 10A,Secretary of Agriculture,,DEM,Tim Gannon,681,315,366
Pottawattamie,CB 10B,Secretary of Agriculture,,DEM,Tim Gannon,544,313,231
Pottawattamie,CB 11,Secretary of Agriculture,,DEM,Tim Gannon,576,314,262
Pottawattamie,CB 12,Secretary of Agriculture,,DEM,Tim Gannon,493,256,237
Pottawattamie,CB 13,Secretary of Agriculture,,DEM,Tim Gannon,326,172,154
Pottawattamie,CB 14,Secretary of Agriculture,,DEM,Tim Gannon,339,193,146
Pottawattamie,CB 15,Secretary of Agriculture,,DEM,Tim Gannon,350,165,185
Pottawattamie,CB 16,Secretary of Agriculture,,DEM,Tim Gannon,349,175,174
Pottawattamie,CB 17,Secretary of Agriculture,,DEM,Tim Gannon,481,230,251
Pottawattamie,CB 18,Secretary of Agriculture,,DEM,Tim Gannon,446,243,203
Pottawattamie,CB 19,Secretary of Agriculture,,DEM,Tim Gannon,326,174,152
Pottawattamie,CB 20,Secretary of Agriculture,,DEM,Tim Gannon,298,179,119
Pottawattamie,CB 21,Secretary of Agriculture,,DEM,Tim Gannon,266,129,137
Pottawattamie,Carter Lake 1,Secretary of Agriculture,,DEM,Tim Gannon,238,152,86
Pottawattamie,Carter Lake 2,Secretary of Agriculture,,DEM,Tim Gannon,229,170,59
Pottawattamie,Avoca,Secretary of Agriculture,,DEM,Tim Gannon,293,217,76
Pottawattamie,Carson,Secretary of Agriculture,,DEM,Tim Gannon,118,101,17
Pottawattamie,Crescent,Secretary of Agriculture,,DEM,Tim Gannon,461,234,227
Pottawattamie,Garner,Secretary of Agriculture,,DEM,Tim Gannon,503,261,242
Pottawattamie,GLWCW,Secretary of Agriculture,,DEM,Tim Gannon,96,61,35
Pottawattamie,Hancock,Secretary of Agriculture,,DEM,Tim Gannon,54,46,8
Pottawattamie,Lewis 1,Secretary of Agriculture,,DEM,Tim Gannon,384,207,177
Pottawattamie,Lewis 2,Secretary of Agriculture,,DEM,Tim Gannon,404,209,195
Pottawattamie,Macedonia,Secretary of Agriculture,,DEM,Tim Gannon,50,40,10
Pottawattamie,McClelland,Secretary of Agriculture,,DEM,Tim Gannon,123,74,49
Pottawattamie,Minden,Secretary of Agriculture,,DEM,Tim Gannon,164,121,43
Pottawattamie,Neola,Secretary of Agriculture,,DEM,Tim Gannon,281,183,98
Pottawattamie,Oakland,Secretary of Agriculture,,DEM,Tim Gannon,260,178,82
Pottawattamie,Treynor,Secretary of Agriculture,,DEM,Tim Gannon,198,148,50
Pottawattamie,Underwood,Secretary of Agriculture,,DEM,Tim Gannon,459,260,199
Pottawattamie,Walnut,Secretary of Agriculture,,DEM,Tim Gannon,134,103,31
Pottawattamie,CB 01,Secretary of Agriculture,,LIB,Rick Stewart,26,19,7
Pottawattamie,CB 02,Secretary of Agriculture,,LIB,Rick Stewart,46,33,13
Pottawattamie,CB 03,Secretary of Agriculture,,LIB,Rick Stewart,30,26,4
Pottawattamie,CB 04,Secretary of Agriculture,,LIB,Rick Stewart,30,12,18
Pottawattamie,CB 05,Secretary of Agriculture,,LIB,Rick Stewart,28,16,12
Pottawattamie,CB 06,Secretary of Agriculture,,LIB,Rick Stewart,39,25,14
Pottawattamie,CB 07,Secretary of Agriculture,,LIB,Rick Stewart,53,32,21
Pottawattamie,CB 08,Secretary of Agriculture,,LIB,Rick Stewart,39,23,16
Pottawattamie,CB 09,Secretary of Agriculture,,LIB,Rick Stewart,27,17,10
Pottawattamie,CB 10A,Secretary of Agriculture,,LIB,Rick Stewart,41,24,17
Pottawattamie,CB 10B,Secretary of Agriculture,,LIB,Rick Stewart,27,21,6
Pottawattamie,CB 11,Secretary of Agriculture,,LIB,Rick Stewart,54,35,19
Pottawattamie,CB 12,Secretary of Agriculture,,LIB,Rick Stewart,43,32,11
Pottawattamie,CB 13,Secretary of Agriculture,,LIB,Rick Stewart,31,25,6
Pottawattamie,CB 14,Secretary of Agriculture,,LIB,Rick Stewart,33,28,5
Pottawattamie,CB 15,Secretary of Agriculture,,LIB,Rick Stewart,33,18,15
Pottawattamie,CB 16,Secretary of Agriculture,,LIB,Rick Stewart,33,23,10
Pottawattamie,CB 17,Secretary of Agriculture,,LIB,Rick Stewart,42,27,15
Pottawattamie,CB 18,Secretary of Agriculture,,LIB,Rick Stewart,32,20,12
Pottawattamie,CB 19,Secretary of Agriculture,,LIB,Rick Stewart,17,13,4
Pottawattamie,CB 20,Secretary of Agriculture,,LIB,Rick Stewart,24,17,7
Pottawattamie,CB 21,Secretary of Agriculture,,LIB,Rick Stewart,24,12,12
Pottawattamie,Carter Lake 1,Secretary of Agriculture,,LIB,Rick Stewart,20,10,10
Pottawattamie,Carter Lake 2,Secretary of Agriculture,,LIB,Rick Stewart,21,17,4
Pottawattamie,Avoca,Secretary of Agriculture,,LIB,Rick Stewart,24,17,7
Pottawattamie,Carson,Secretary of Agriculture,,LIB,Rick Stewart,9,4,5
Pottawattamie,Crescent,Secretary of Agriculture,,LIB,Rick Stewart,41,26,15
Pottawattamie,Garner,Secretary of Agriculture,,LIB,Rick Stewart,40,23,17
Pottawattamie,GLWCW,Secretary of Agriculture,,LIB,Rick Stewart,6,5,1
Pottawattamie,Hancock,Secretary of Agriculture,,LIB,Rick Stewart,1,1,0
Pottawattamie,Lewis 1,Secretary of Agriculture,,LIB,Rick Stewart,20,18,2
Pottawattamie,Lewis 2,Secretary of Agriculture,,LIB,Rick Stewart,29,13,16
Pottawattamie,Macedonia,Secretary of Agriculture,,LIB,Rick Stewart,4,4,0
Pottawattamie,McClelland,Secretary of Agriculture,,LIB,Rick Stewart,17,12,5
Pottawattamie,Minden,Secretary of Agriculture,,LIB,Rick Stewart,14,8,6
Pottawattamie,Neola,Secretary of Agriculture,,LIB,Rick Stewart,18,11,7
Pottawattamie,Oakland,Secretary of Agriculture,,LIB,Rick Stewart,17,10,7
Pottawattamie,Treynor,Secretary of Agriculture,,LIB,Rick Stewart,20,14,6
Pottawattamie,Underwood,Secretary of Agriculture,,LIB,Rick Stewart,33,21,12
Pottawattamie,Walnut,Secretary of Agriculture,,LIB,Rick Stewart,13,10,3
Pottawattamie,CB 01,Secretary of Agriculture,,,Write-in,0,0,0
Pottawattamie,CB 02,Secretary of Agriculture,,,Write-in,2,1,1
Pottawattamie,CB 03,Secretary of Agriculture,,,Write-in,2,1,1
Pottawattamie,CB 04,Secretary of Agriculture,,,Write-in,0,0,0
Pottawattamie,CB 05,Secretary of Agriculture,,,Write-in,1,0,1
Pottawattamie,CB 06,Secretary of Agriculture,,,Write-in,0,0,0
Pottawattamie,CB 07,Secretary of Agriculture,,,Write-in,0,0,0
Pottawattamie,CB 08,Secretary of Agriculture,,,Write-in,0,0,0
Pottawattamie,CB 09,Secretary of Agriculture,,,Write-in,0,0,0
Pottawattamie,CB 10A,Secretary of Agriculture,,,Write-in,0,0,0
Pottawattamie,CB 10B,Secretary of Agriculture,,,Write-in,0,0,0
Pottawattamie,CB 11,Secretary of Agriculture,,,Write-in,0,0,0
Pottawattamie,CB 12,Secretary of Agriculture,,,Write-in,0,0,0
Pottawattamie,CB 13,Secretary of Agriculture,,,Write-in,0,0,0
Pottawattamie,CB 14,Secretary of Agriculture,,,Write-in,0,0,0
Pottawattamie,CB 15,Secretary of Agriculture,,,Write-in,1,1,0
Pottawattamie,CB 16,Secretary of Agriculture,,,Write-in,2,0,2
Pottawattamie,CB 17,Secretary of Agriculture,,,Write-in,0,0,0
Pottawattamie,CB 18,Secretary of Agriculture,,,Write-in,0,0,0
Pottawattamie,CB 19,Secretary of Agriculture,,,Write-in,1,0,1
Pottawattamie,CB 20,Secretary of Agriculture,,,Write-in,1,1,0
Pottawattamie,CB 21,Secretary of Agriculture,,,Write-in,1,1,0
Pottawattamie,Carter Lake 1,Secretary of Agriculture,,,Write-in,1,1,0
Pottawattamie,Carter Lake 2,Secretary of Agriculture,,,Write-in,0,0,0
Pottawattamie,Avoca,Secretary of Agriculture,,,Write-in,0,0,0
Pottawattamie,Carson,Secretary of Agriculture,,,Write-in,0,0,0
Pottawattamie,Crescent,Secretary of Agriculture,,,Write-in,0,0,0
Pottawattamie,Garner,Secretary of Agriculture,,,Write-in,0,0,0
Pottawattamie,GLWCW,Secretary of Agriculture,,,Write-in,2,1,1
Pottawattamie,Hancock,Secretary of Agriculture,,,Write-in,0,0,0
Pottawattamie,Lewis 1,Secretary of Agriculture,,,Write-in,0,0,0
Pottawattamie,Lewis 2,Secretary of Agriculture,,,Write-in,2,1,1
Pottawattamie,Macedonia,Secretary of Agriculture,,,Write-in,0,0,0
Pottawattamie,McClelland,Secretary of Agriculture,,,Write-in,0,0,0
Pottawattamie,Minden,Secretary of Agriculture,,,Write-in,0,0,0
Pottawattamie,Neola,Secretary of Agriculture,,,Write-in,0,0,0
Pottawattamie,Oakland,Secretary of Agriculture,,,Write-in,1,1,0
Pottawattamie,Treynor,Secretary of Agriculture,,,Write-in,2,0,2
Pottawattamie,Underwood,Secretary of Agriculture,,,Write-in,1,0,1
Pottawattamie,Walnut,Secretary of Agriculture,,,Write-in,1,1,0
Pottawattamie,CB 01,Attorney General,,DEM,Tom Miller,376,231,145
Pottawattamie,CB 02,Attorney General,,DEM,Tom Miller,539,296,243
Pottawattamie,CB 03,Attorney General,,DEM,Tom Miller,426,248,178
Pottawattamie,CB 04,Attorney General,,DEM,Tom Miller,471,212,259
Pottawattamie,CB 05,Attorney General,,DEM,Tom Miller,480,235,245
Pottawattamie,CB 06,Attorney General,,DEM,Tom Miller,729,392,337
Pottawattamie,CB 07,Attorney General,,DEM,Tom Miller,670,382,288
Pottawattamie,CB 08,Attorney General,,DEM,Tom Miller,886,453,433
Pottawattamie,CB 09,Attorney General,,DEM,Tom Miller,629,303,326
Pottawattamie,CB 10A,Attorney General,,DEM,Tom Miller,986,468,518
Pottawattamie,CB 10B,Attorney General,,DEM,Tom Miller,874,496,378
Pottawattamie,CB 11,Attorney General,,DEM,Tom Miller,707,396,311
Pottawattamie,CB 12,Attorney General,,DEM,Tom Miller,748,389,359
Pottawattamie,CB 13,Attorney General,,DEM,Tom Miller,406,231,175
Pottawattamie,CB 14,Attorney General,,DEM,Tom Miller,412,242,170
Pottawattamie,CB 15,Attorney General,,DEM,Tom Miller,454,215,239
Pottawattamie,CB 16,Attorney General,,DEM,Tom Miller,457,236,221
Pottawattamie,CB 17,Attorney General,,DEM,Tom Miller,621,317,304
Pottawattamie,CB 18,Attorney General,,DEM,Tom Miller,564,317,247
Pottawattamie,CB 19,Attorney General,,DEM,Tom Miller,436,233,203
Pottawattamie,CB 20,Attorney General,,DEM,Tom Miller,443,265,178
Pottawattamie,CB 21,Attorney General,,DEM,Tom Miller,375,188,187
Pottawattamie,Carter Lake 1,Attorney General,,DEM,Tom Miller,305,209,96
Pottawattamie,Carter Lake 2,Attorney General,,DEM,Tom Miller,310,229,81
Pottawattamie,Avoca,Attorney General,,DEM,Tom Miller,459,335,124
Pottawattamie,Carson,Attorney General,,DEM,Tom Miller,202,170,32
Pottawattamie,Crescent,Attorney General,,DEM,Tom Miller,655,348,307
Pottawattamie,Garner,Attorney General,,DEM,Tom Miller,830,437,393
Pottawattamie,GLWCW,Attorney General,,DEM,Tom Miller,192,114,78
Pottawattamie,Hancock,Attorney General,,DEM,Tom Miller,111,100,11
Pottawattamie,Lewis 1,Attorney General,,DEM,Tom Miller,667,367,300
Pottawattamie,Lewis 2,Attorney General,,DEM,Tom Miller,634,325,309
Pottawattamie,Macedonia,Attorney General,,DEM,Tom Miller,79,65,14
Pottawattamie,McClelland,Attorney General,,DEM,Tom Miller,247,154,93
Pottawattamie,Minden,Attorney General,,DEM,Tom Miller,339,247,92
Pottawattamie,Neola,Attorney General,,DEM,Tom Miller,457,292,165
Pottawattamie,Oakland,Attorney General,,DEM,Tom Miller,502,352,150
Pottawattamie,Treynor,Attorney General,,DEM,Tom Miller,445,327,118
Pottawattamie,Underwood,Attorney General,,DEM,Tom Miller,726,431,295
Pottawattamie,Walnut,Attorney General,,DEM,Tom Miller,227,178,49
Pottawattamie,CB 01,Attorney General,,LIB,Marco Battaglia,140,96,44
Pottawattamie,CB 02,Attorney General,,LIB,Marco Battaglia,243,157,86
Pottawattamie,CB 03,Attorney General,,LIB,Marco Battaglia,143,98,45
Pottawattamie,CB 04,Attorney General,,LIB,Marco Battaglia,160,99,61
Pottawattamie,CB 05,Attorney General,,LIB,Marco Battaglia,197,116,81
Pottawattamie,CB 06,Attorney General,,LIB,Marco Battaglia,225,154,71
Pottawattamie,CB 07,Attorney General,,LIB,Marco Battaglia,294,193,101
Pottawattamie,CB 08,Attorney General,,LIB,Marco Battaglia,309,192,117
Pottawattamie,CB 09,Attorney General,,LIB,Marco Battaglia,207,117,90
Pottawattamie,CB 10A,Attorney General,,LIB,Marco Battaglia,316,199,117
Pottawattamie,CB 10B,Attorney General,,LIB,Marco Battaglia,284,175,109
Pottawattamie,CB 11,Attorney General,,LIB,Marco Battaglia,282,198,84
Pottawattamie,CB 12,Attorney General,,LIB,Marco Battaglia,263,164,99
Pottawattamie,CB 13,Attorney General,,LIB,Marco Battaglia,123,77,46
Pottawattamie,CB 14,Attorney General,,LIB,Marco Battaglia,141,105,36
Pottawattamie,CB 15,Attorney General,,LIB,Marco Battaglia,149,91,58
Pottawattamie,CB 16,Attorney General,,LIB,Marco Battaglia,164,96,68
Pottawattamie,CB 17,Attorney General,,LIB,Marco Battaglia,191,125,66
Pottawattamie,CB 18,Attorney General,,LIB,Marco Battaglia,187,119,68
Pottawattamie,CB 19,Attorney General,,LIB,Marco Battaglia,110,74,36
Pottawattamie,CB 20,Attorney General,,LIB,Marco Battaglia,201,144,57
Pottawattamie,CB 21,Attorney General,,LIB,Marco Battaglia,173,104,69
Pottawattamie,Carter Lake 1,Attorney General,,LIB,Marco Battaglia,162,116,46
Pottawattamie,Carter Lake 2,Attorney General,,LIB,Marco Battaglia,152,124,28
Pottawattamie,Avoca,Attorney General,,LIB,Marco Battaglia,174,134,40
Pottawattamie,Carson,Attorney General,,LIB,Marco Battaglia,78,67,11
Pottawattamie,Crescent,Attorney General,,LIB,Marco Battaglia,376,237,139
Pottawattamie,Garner,Attorney General,,LIB,Marco Battaglia,435,224,211
Pottawattamie,GLWCW,Attorney General,,LIB,Marco Battaglia,111,78,33
Pottawattamie,Hancock,Attorney General,,LIB,Marco Battaglia,46,40,6
Pottawattamie,Lewis 1,Attorney General,,LIB,Marco Battaglia,271,159,112
Pottawattamie,Lewis 2,Attorney General,,LIB,Marco Battaglia,354,212,142
Pottawattamie,Macedonia,Attorney General,,LIB,Marco Battaglia,41,37,4
Pottawattamie,McClelland,Attorney General,,LIB,Marco Battaglia,185,120,65
Pottawattamie,Minden,Attorney General,,LIB,Marco Battaglia,146,111,35
Pottawattamie,Neola,Attorney General,,LIB,Marco Battaglia,229,147,82
Pottawattamie,Oakland,Attorney General,,LIB,Marco Battaglia,206,156,50
Pottawattamie,Treynor,Attorney General,,LIB,Marco Battaglia,206,158,48
Pottawattamie,Underwood,Attorney General,,LIB,Marco Battaglia,341,231,110
Pottawattamie,Walnut,Attorney General,,LIB,Marco Battaglia,79,61,18
Pottawattamie,CB 01,Attorney General,,,Write-in,7,7,0
Pottawattamie,CB 02,Attorney General,,,Write-in,8,4,4
Pottawattamie,CB 03,Attorney General,,,Write-in,6,5,1
Pottawattamie,CB 04,Attorney General,,,Write-in,8,5,3
Pottawattamie,CB 05,Attorney General,,,Write-in,9,7,2
Pottawattamie,CB 06,Attorney General,,,Write-in,8,5,3
Pottawattamie,CB 07,Attorney General,,,Write-in,12,8,4
Pottawattamie,CB 08,Attorney General,,,Write-in,16,14,2
Pottawattamie,CB 09,Attorney General,,,Write-in,6,4,2
Pottawattamie,CB 10A,Attorney General,,,Write-in,11,7,4
Pottawattamie,CB 10B,Attorney General,,,Write-in,8,5,3
Pottawattamie,CB 11,Attorney General,,,Write-in,13,8,5
Pottawattamie,CB 12,Attorney General,,,Write-in,10,4,6
Pottawattamie,CB 13,Attorney General,,,Write-in,8,4,4
Pottawattamie,CB 14,Attorney General,,,Write-in,4,0,4
Pottawattamie,CB 15,Attorney General,,,Write-in,6,3,3
Pottawattamie,CB 16,Attorney General,,,Write-in,6,4,2
Pottawattamie,CB 17,Attorney General,,,Write-in,8,6,2
Pottawattamie,CB 18,Attorney General,,,Write-in,11,5,6
Pottawattamie,CB 19,Attorney General,,,Write-in,9,6,3
Pottawattamie,CB 20,Attorney General,,,Write-in,3,2,1
Pottawattamie,CB 21,Attorney General,,,Write-in,11,7,4
Pottawattamie,Carter Lake 1,Attorney General,,,Write-in,5,4,1
Pottawattamie,Carter Lake 2,Attorney General,,,Write-in,7,5,2
Pottawattamie,Avoca,Attorney General,,,Write-in,9,8,1
Pottawattamie,Carson,Attorney General,,,Write-in,6,6,0
Pottawattamie,Crescent,Attorney General,,,Write-in,19,14,5
Pottawattamie,Garner,Attorney General,,,Write-in,20,12,8
Pottawattamie,GLWCW,Attorney General,,,Write-in,6,2,4
Pottawattamie,Hancock,Attorney General,,,Write-in,0,0,0
Pottawattamie,Lewis 1,Attorney General,,,Write-in,18,8,10
Pottawattamie,Lewis 2,Attorney General,,,Write-in,11,8,3
Pottawattamie,Macedonia,Attorney General,,,Write-in,1,1,0
Pottawattamie,McClelland,Attorney General,,,Write-in,8,6,2
Pottawattamie,Minden,Attorney General,,,Write-in,5,3,2
Pottawattamie,Neola,Attorney General,,,Write-in,11,6,5
Pottawattamie,Oakland,Attorney General,,,Write-in,8,8,0
Pottawattamie,Treynor,Attorney General,,,Write-in,15,11,4
Pottawattamie,Underwood,Attorney General,,,Write-in,21,18,3
Pottawattamie,Walnut,Attorney General,,,Write-in,7,7,0
Pottawattamie,CB 10A,State Senate,11,REP,Tom Shipley,818,472,346
Pottawattamie,CB 10B,State Senate,11,REP,Tom Shipley,843,471,372
Pottawattamie,Avoca,State Senate,11,REP,Tom Shipley,479,367,112
Pottawattamie,Carson,State Senate,11,REP,Tom Shipley,271,214,57
Pottawattamie,Crescent,State Senate,11,REP,Tom Shipley,807,476,331
Pottawattamie,Garner,State Senate,11,REP,Tom Shipley,1057,580,477
Pottawattamie,GLWCW,State Senate,11,REP,Tom Shipley,312,180,132
Pottawattamie,Hancock,State Senate,11,REP,Tom Shipley,140,126,14
Pottawattamie,Lewis 1,State Senate,11,REP,Tom Shipley,711,400,311
Pottawattamie,Lewis 2,State Senate,11,REP,Tom Shipley,851,455,396
Pottawattamie,Macedonia,State Senate,11,REP,Tom Shipley,121,106,15
Pottawattamie,McClelland,State Senate,11,REP,Tom Shipley,423,276,147
Pottawattamie,Minden,State Senate,11,REP,Tom Shipley,443,323,120
Pottawattamie,Neola,State Senate,11,REP,Tom Shipley,586,366,220
Pottawattamie,Oakland,State Senate,11,REP,Tom Shipley,641,453,188
Pottawattamie,Treynor,State Senate,11,REP,Tom Shipley,645,469,176
Pottawattamie,Underwood,State Senate,11,REP,Tom Shipley,831,552,279
Pottawattamie,Walnut,State Senate,11,REP,Tom Shipley,228,192,36
Pottawattamie,CB 10A,State Senate,11,DEM,Sara Ramsey,705,320,385
Pottawattamie,CB 10B,State Senate,11,DEM,Sara Ramsey,547,318,229
Pottawattamie,Avoca,State Senate,11,DEM,Sara Ramsey,279,200,79
Pottawattamie,Carson,State Senate,11,DEM,Sara Ramsey,117,95,22
Pottawattamie,Crescent,State Senate,11,DEM,Sara Ramsey,474,235,239
Pottawattamie,Garner,State Senate,11,DEM,Sara Ramsey,512,245,267
Pottawattamie,GLWCW,State Senate,11,DEM,Sara Ramsey,83,48,35
Pottawattamie,Hancock,State Senate,11,DEM,Sara Ramsey,48,40,8
Pottawattamie,Lewis 1,State Senate,11,DEM,Sara Ramsey,391,210,181
Pottawattamie,Lewis 2,State Senate,11,DEM,Sara Ramsey,409,210,199
Pottawattamie,Macedonia,State Senate,11,DEM,Sara Ramsey,43,33,10
Pottawattamie,McClelland,State Senate,11,DEM,Sara Ramsey,128,77,51
Pottawattamie,Minden,State Senate,11,DEM,Sara Ramsey,149,107,42
Pottawattamie,Neola,State Senate,11,DEM,Sara Ramsey,279,177,102
Pottawattamie,Oakland,State Senate,11,DEM,Sara Ramsey,255,171,84
Pottawattamie,Treynor,State Senate,11,DEM,Sara Ramsey,210,155,55
Pottawattamie,Underwood,State Senate,11,DEM,Sara Ramsey,465,257,208
Pottawattamie,Walnut,State Senate,11,DEM,Sara Ramsey,137,103,34
Pottawattamie,CB 10A,State Senate,11,,Write-in,0,0,0
Pottawattamie,CB 10B,State Senate,11,,Write-in,2,2,0
Pottawattamie,Avoca,State Senate,11,,Write-in,0,0,0
Pottawattamie,Carson,State Senate,11,,Write-in,0,0,0
Pottawattamie,Crescent,State Senate,11,,Write-in,1,1,0
Pottawattamie,Garner,State Senate,11,,Write-in,2,1,1
Pottawattamie,GLWCW,State Senate,11,,Write-in,1,0,1
Pottawattamie,Hancock,State Senate,11,,Write-in,0,0,0
Pottawattamie,Lewis 1,State Senate,11,,Write-in,0,0,0
Pottawattamie,Lewis 2,State Senate,11,,Write-in,1,0,1
Pottawattamie,Macedonia,State Senate,11,,Write-in,0,0,0
Pottawattamie,McClelland,State Senate,11,,Write-in,0,0,0
Pottawattamie,Minden,State Senate,11,,Write-in,0,0,0
Pottawattamie,Neola,State Senate,11,,Write-in,0,0,0
Pottawattamie,Oakland,State Senate,11,,Write-in,1,1,0
Pottawattamie,Treynor,State Senate,11,,Write-in,3,1,2
Pottawattamie,Underwood,State Senate,11,,Write-in,1,1,0
Pottawattamie,Walnut,State Senate,11,,Write-in,1,1,0
Pottawattamie,CB 01,State House,15,REP,LeAnn L. Hughes,237,158,79
Pottawattamie,CB 02,State House,15,REP,LeAnn L. Hughes,392,245,147
Pottawattamie,CB 03,State House,15,REP,LeAnn L. Hughes,290,199,91
Pottawattamie,CB 04,State House,15,REP,LeAnn L. Hughes,306,174,132
Pottawattamie,CB 05,State House,15,REP,LeAnn L. Hughes,339,184,155
Pottawattamie,CB 07,State House,15,REP,LeAnn L. Hughes,517,318,199
Pottawattamie,CB 15,State House,15,REP,LeAnn L. Hughes,257,138,119
Pottawattamie,CB 16,State House,15,REP,LeAnn L. Hughes,296,169,127
Pottawattamie,CB 17,State House,15,REP,LeAnn L. Hughes,362,215,147
Pottawattamie,Carter Lake 1,State House,15,REP,LeAnn L. Hughes,305,231,74
Pottawattamie,Carter Lake 2,State House,15,REP,LeAnn L. Hughes,289,219,70
Pottawattamie,CB 01,State House,15,DEM,Charlie McConkey,363,216,147
Pottawattamie,CB 02,State House,15,DEM,Charlie McConkey,494,262,232
Pottawattamie,CB 03,State House,15,DEM,Charlie McConkey,393,224,169
Pottawattamie,CB 04,State House,15,DEM,Charlie McConkey,430,195,235
Pottawattamie,CB 05,State House,15,DEM,Charlie McConkey,436,212,224
Pottawattamie,CB 07,State House,15,DEM,Charlie McConkey,595,345,250
Pottawattamie,CB 15,State House,15,DEM,Charlie McConkey,419,199,220
Pottawattamie,CB 16,State House,15,DEM,Charlie McConkey,397,204,193
Pottawattamie,CB 17,State House,15,DEM,Charlie McConkey,568,285,283
Pottawattamie,Carter Lake 1,State House,15,DEM,Charlie McConkey,278,181,97
Pottawattamie,Carter Lake 2,State House,15,DEM,Charlie McConkey,262,200,62
Pottawattamie,CB 01,State House,15,,Write-in,2,2,0
Pottawattamie,CB 02,State House,15,,Write-in,1,0,1
Pottawattamie,CB 03,State House,15,,Write-in,2,2,0
Pottawattamie,CB 04,State House,15,,Write-in,0,0,0
Pottawattamie,CB 05,State House,15,,Write-in,0,0,0
Pottawattamie,CB 07,State House,15,,Write-in,2,0,2
Pottawattamie,CB 15,State House,15,,Write-in,0,0,0
Pottawattamie,CB 16,State House,15,,Write-in,1,0,1
Pottawattamie,CB 17,State House,15,,Write-in,2,1,1
Pottawattamie,Carter Lake 1,State House,15,,Write-in,0,0,0
Pottawattamie,Carter Lake 2,State House,15,,Write-in,0,0,0
Pottawattamie,CB 06,State House,16,REP,Mary Ann Hanusa,539,314,225
Pottawattamie,CB 08,State House,16,REP,Mary Ann Hanusa,723,401,322
Pottawattamie,CB 09,State House,16,REP,Mary Ann Hanusa,516,251,265
Pottawattamie,CB 11,State House,16,REP,Mary Ann Hanusa,497,333,164
Pottawattamie,CB 12,State House,16,REP,Mary Ann Hanusa,623,354,269
Pottawattamie,CB 13,State House,16,REP,Mary Ann Hanusa,241,144,97
Pottawattamie,CB 14,State House,16,REP,Mary Ann Hanusa,270,170,100
Pottawattamie,CB 18,State House,16,REP,Mary Ann Hanusa,398,247,151
Pottawattamie,CB 19,State House,16,REP,Mary Ann Hanusa,319,186,133
Pottawattamie,CB 20,State House,16,REP,Mary Ann Hanusa,458,289,169
Pottawattamie,CB 21,State House,16,REP,Mary Ann Hanusa,365,207,158
Pottawattamie,CB 06,State House,16,DEM,Steve Gorman,548,298,250
Pottawattamie,CB 08,State House,16,DEM,Steve Gorman,660,342,318
Pottawattamie,CB 09,State House,16,DEM,Steve Gorman,475,225,250
Pottawattamie,CB 11,State House,16,DEM,Steve Gorman,631,342,289
Pottawattamie,CB 12,State House,16,DEM,Steve Gorman,517,261,256
Pottawattamie,CB 13,State House,16,DEM,Steve Gorman,344,190,154
Pottawattamie,CB 14,State House,16,DEM,Steve Gorman,342,203,139
Pottawattamie,CB 18,State House,16,DEM,Steve Gorman,444,242,202
Pottawattamie,CB 19,State House,16,DEM,Steve Gorman,301,156,145
Pottawattamie,CB 20,State House,16,DEM,Steve Gorman,304,181,123
Pottawattamie,CB 21,State House,16,DEM,Steve Gorman,269,130,139
Pottawattamie,CB 06,State House,16,LIB,Steve Sechrest,27,22,5
Pottawattamie,CB 08,State House,16,LIB,Steve Sechrest,18,9,9
Pottawattamie,CB 09,State House,16,LIB,Steve Sechrest,16,15,1
Pottawattamie,CB 11,State House,16,LIB,Steve Sechrest,33,24,9
Pottawattamie,CB 12,State House,16,LIB,Steve Sechrest,28,20,8
Pottawattamie,CB 13,State House,16,LIB,Steve Sechrest,17,13,4
Pottawattamie,CB 14,State House,16,LIB,Steve Sechrest,17,16,1
Pottawattamie,CB 18,State House,16,LIB,Steve Sechrest,19,13,6
Pottawattamie,CB 19,State House,16,LIB,Steve Sechrest,9,8,1
Pottawattamie,CB 20,State House,16,LIB,Steve Sechrest,14,13,1
Pottawattamie,CB 21,State House,16,LIB,Steve Sechrest,10,7,3
Pottawattamie,CB 06,State House,16,,Write-in,1,1,0
Pottawattamie,CB 08,State House,16,,Write-in,0,0,0
Pottawattamie,CB 09,State House,16,,Write-in,0,0,0
Pottawattamie,CB 11,State House,16,,Write-in,0,0,0
Pottawattamie,CB 12,State House,16,,Write-in,0,0,0
Pottawattamie,CB 13,State House,16,,Write-in,1,0,1
Pottawattamie,CB 14,State House,16,,Write-in,0,0,0
Pottawattamie,CB 18,State House,16,,Write-in,0,0,0
Pottawattamie,CB 19,State House,16,,Write-in,0,0,0
Pottawattamie,CB 20,State House,16,,Write-in,1,1,0
Pottawattamie,CB 21,State House,16,,Write-in,1,1,0
Pottawattamie,GLWCW,State House,21,REP,Tom Moore,305,175,130
Pottawattamie,Walnut,State House,21,REP,Tom Moore,227,190,37
Pottawattamie,GLWCW,State House,21,DEM,Denise O'Brien,85,49,36
Pottawattamie,Walnut,State House,21,DEM,Denise O'Brien,138,105,33
Pottawattamie,GLWCW,State House,21,,Write-in,2,1,1
Pottawattamie,Walnut,State House,21,,Write-in,1,1,0
Pottawattamie,CB 10A,State House,22,REP,Jon Jacobsen,833,478,355
Pottawattamie,CB 10B,State House,22,REP,Jon Jacobsen,848,475,373
Pottawattamie,Avoca,State House,22,REP,Jon Jacobsen,488,376,112
Pottawattamie,Carson,State House,22,REP,Jon Jacobsen,274,219,55
Pottawattamie,Crescent,State House,22,REP,Jon Jacobsen,813,482,331
Pottawattamie,Garner,State House,22,REP,Jon Jacobsen,1079,590,489
Pottawattamie,Hancock,State House,22,REP,Jon Jacobsen,137,124,13
Pottawattamie,Lewis 1,State House,22,REP,Jon Jacobsen,709,396,313
Pottawattamie,Lewis 2,State House,22,REP,Jon Jacobsen,844,449,395
Pottawattamie,Macedonia,State House,22,REP,Jon Jacobsen,124,108,16
Pottawattamie,McClelland,State House,22,REP,Jon Jacobsen,427,275,152
Pottawattamie,Minden,State House,22,REP,Jon Jacobsen,437,319,118
Pottawattamie,Neola,State House,22,REP,Jon Jacobsen,579,355,224
Pottawattamie,Oakland,State House,22,REP,Jon Jacobsen,645,455,190
Pottawattamie,Treynor,State House,22,REP,Jon Jacobsen,638,467,171
Pottawattamie,Underwood,State House,22,REP,Jon Jacobsen,832,556,276
Pottawattamie,CB 10A,State House,22,DEM,Ray Stevens,695,314,381
Pottawattamie,CB 10B,State House,22,DEM,Ray Stevens,548,318,230
Pottawattamie,Avoca,State House,22,DEM,Ray Stevens,277,196,81
Pottawattamie,Carson,State House,22,DEM,Ray Stevens,114,92,22
Pottawattamie,Crescent,State House,22,DEM,Ray Stevens,463,228,235
Pottawattamie,Garner,State House,22,DEM,Ray Stevens,500,245,255
Pottawattamie,Hancock,State House,22,DEM,Ray Stevens,53,44,9
Pottawattamie,Lewis 1,State House,22,DEM,Ray Stevens,398,217,181
Pottawattamie,Lewis 2,State House,22,DEM,Ray Stevens,413,214,199
Pottawattamie,Macedonia,State House,22,DEM,Ray Stevens,39,30,9
Pottawattamie,McClelland,State House,22,DEM,Ray Stevens,126,78,48
Pottawattamie,Minden,State House,22,DEM,Ray Stevens,157,113,44
Pottawattamie,Neola,State House,22,DEM,Ray Stevens,289,187,102
Pottawattamie,Oakland,State House,22,DEM,Ray Stevens,246,165,81
Pottawattamie,Treynor,State House,22,DEM,Ray Stevens,220,160,60
Pottawattamie,Underwood,State House,22,DEM,Ray Stevens,465,256,209
Pottawattamie,CB 10A,State House,22,,Write-in,0,0,0
Pottawattamie,CB 10B,State House,22,,Write-in,2,2,0
Pottawattamie,Avoca,State House,22,,Write-in,3,2,1
Pottawattamie,Carson,State House,22,,Write-in,0,0,0
Pottawattamie,Crescent,State House,22,,Write-in,3,1,2
Pottawattamie,Garner,State House,22,,Write-in,1,0,1
Pottawattamie,Hancock,State House,22,,Write-in,0,0,0
Pottawattamie,Lewis 1,State House,22,,Write-in,1,1,0
Pottawattamie,Lewis 2,State House,22,,Write-in,1,0,1
Pottawattamie,Macedonia,State House,22,,Write-in,0,0,0
Pottawattamie,McClelland,State House,22,,Write-in,0,0,0
Pottawattamie,Minden,State House,22,,Write-in,0,0,0
Pottawattamie,Neola,State House,22,,Write-in,1,1,0
Pottawattamie,Oakland,State House,22,,Write-in,2,1,1
Pottawattamie,Treynor,State House,22,,Write-in,4,2,2
Pottawattamie,Underwood,State House,22,,Write-in,3,3,0
Pottawattamie,CB 01,County Board Of Supervisors,,REP,Scott A. Belt,250,167,83
Pottawattamie,CB 02,County Board Of Supervisors,,REP,Scott A. Belt,393,243,150
Pottawattamie,CB 03,County Board Of Supervisors,,REP,Scott A. Belt,291,202,89
Pottawattamie,CB 04,County Board Of Supervisors,,REP,Scott A. Belt,334,190,144
Pottawattamie,CB 05,County Board Of Supervisors,,REP,Scott A. Belt,332,172,160
Pottawattamie,CB 06,County Board Of Supervisors,,REP,Scott A. Belt,446,268,178
Pottawattamie,CB 07,County Board Of Supervisors,,REP,Scott A. Belt,525,318,207
Pottawattamie,CB 08,County Board Of Supervisors,,REP,Scott A. Belt,629,369,260
Pottawattamie,CB 09,County Board Of Supervisors,,REP,Scott A. Belt,447,219,228
Pottawattamie,CB 10A,County Board Of Supervisors,,REP,Scott A. Belt,708,390,318
Pottawattamie,CB 10B,County Board Of Supervisors,,REP,Scott A. Belt,636,360,276
Pottawattamie,CB 11,County Board Of Supervisors,,REP,Scott A. Belt,450,296,154
Pottawattamie,CB 12,County Board Of Supervisors,,REP,Scott A. Belt,556,300,256
Pottawattamie,CB 13,County Board Of Supervisors,,REP,Scott A. Belt,215,130,85
Pottawattamie,CB 14,County Board Of Supervisors,,REP,Scott A. Belt,242,152,90
Pottawattamie,CB 15,County Board Of Supervisors,,REP,Scott A. Belt,282,144,138
Pottawattamie,CB 16,County Board Of Supervisors,,REP,Scott A. Belt,277,171,106
Pottawattamie,CB 17,County Board Of Supervisors,,REP,Scott A. Belt,373,212,161
Pottawattamie,CB 18,County Board Of Supervisors,,REP,Scott A. Belt,395,239,156
Pottawattamie,CB 19,County Board Of Supervisors,,REP,Scott A. Belt,245,139,106
Pottawattamie,CB 20,County Board Of Supervisors,,REP,Scott A. Belt,396,244,152
Pottawattamie,CB 21,County Board Of Supervisors,,REP,Scott A. Belt,336,190,146
Pottawattamie,Carter Lake 1,County Board Of Supervisors,,REP,Scott A. Belt,265,201,64
Pottawattamie,Carter Lake 2,County Board Of Supervisors,,REP,Scott A. Belt,284,223,61
Pottawattamie,Avoca,County Board Of Supervisors,,REP,Scott A. Belt,372,278,94
Pottawattamie,Carson,County Board Of Supervisors,,REP,Scott A. Belt,183,148,35
Pottawattamie,Crescent,County Board Of Supervisors,,REP,Scott A. Belt,663,378,285
Pottawattamie,Garner,County Board Of Supervisors,,REP,Scott A. Belt,828,460,368
Pottawattamie,GLWCW,County Board Of Supervisors,,REP,Scott A. Belt,233,127,106
Pottawattamie,Hancock,County Board Of Supervisors,,REP,Scott A. Belt,95,82,13
Pottawattamie,Lewis 1,County Board Of Supervisors,,REP,Scott A. Belt,598,351,247
Pottawattamie,Lewis 2,County Board Of Supervisors,,REP,Scott A. Belt,657,343,314
Pottawattamie,Macedonia,County Board Of Supervisors,,REP,Scott A. Belt,89,76,13
Pottawattamie,McClelland,County Board Of Supervisors,,REP,Scott A. Belt,336,214,122
Pottawattamie,Minden,County Board Of Supervisors,,REP,Scott A. Belt,297,204,93
Pottawattamie,Neola,County Board Of Supervisors,,REP,Scott A. Belt,467,277,190
Pottawattamie,Oakland,County Board Of Supervisors,,REP,Scott A. Belt,472,332,140
Pottawattamie,Treynor,County Board Of Supervisors,,REP,Scott A. Belt,442,320,122
Pottawattamie,Underwood,County Board Of Supervisors,,REP,Scott A. Belt,661,417,244
Pottawattamie,Walnut,County Board Of Supervisors,,REP,Scott A. Belt,175,146,29
Pottawattamie,CB 01,County Board Of Supervisors,,REP,Lynn Grobe,177,113,64
Pottawattamie,CB 02,County Board Of Supervisors,,REP,Lynn Grobe,323,196,127
Pottawattamie,CB 03,County Board Of Supervisors,,REP,Lynn Grobe,194,137,57
Pottawattamie,CB 04,County Board Of Supervisors,,REP,Lynn Grobe,238,128,110
Pottawattamie,CB 05,County Board Of Supervisors,,REP,Lynn Grobe,278,152,126
Pottawattamie,CB 06,County Board Of Supervisors,,REP,Lynn Grobe,333,192,141
Pottawattamie,CB 07,County Board Of Supervisors,,REP,Lynn Grobe,379,224,155
Pottawattamie,CB 08,County Board Of Supervisors,,REP,Lynn Grobe,509,279,230
Pottawattamie,CB 09,County Board Of Supervisors,,REP,Lynn Grobe,336,145,191
Pottawattamie,CB 10A,County Board Of Supervisors,,REP,Lynn Grobe,531,293,238
Pottawattamie,CB 10B,County Board Of Supervisors,,REP,Lynn Grobe,513,277,236
Pottawattamie,CB 11,County Board Of Supervisors,,REP,Lynn Grobe,341,227,114
Pottawattamie,CB 12,County Board Of Supervisors,,REP,Lynn Grobe,432,227,205
Pottawattamie,CB 13,County Board Of Supervisors,,REP,Lynn Grobe,189,115,74
Pottawattamie,CB 14,County Board Of Supervisors,,REP,Lynn Grobe,167,106,61
Pottawattamie,CB 15,County Board Of Supervisors,,REP,Lynn Grobe,200,99,101
Pottawattamie,CB 16,County Board Of Supervisors,,REP,Lynn Grobe,235,131,104
Pottawattamie,CB 17,County Board Of Supervisors,,REP,Lynn Grobe,257,153,104
Pottawattamie,CB 18,County Board Of Supervisors,,REP,Lynn Grobe,286,169,117
Pottawattamie,CB 19,County Board Of Supervisors,,REP,Lynn Grobe,204,110,94
Pottawattamie,CB 20,County Board Of Supervisors,,REP,Lynn Grobe,288,178,110
Pottawattamie,CB 21,County Board Of Supervisors,,REP,Lynn Grobe,250,137,113
Pottawattamie,Carter Lake 1,County Board Of Supervisors,,REP,Lynn Grobe,267,193,74
Pottawattamie,Carter Lake 2,County Board Of Supervisors,,REP,Lynn Grobe,229,175,54
Pottawattamie,Avoca,County Board Of Supervisors,,REP,Lynn Grobe,535,414,121
Pottawattamie,Carson,County Board Of Supervisors,,REP,Lynn Grobe,278,219,59
Pottawattamie,Crescent,County Board Of Supervisors,,REP,Lynn Grobe,552,316,236
Pottawattamie,Garner,County Board Of Supervisors,,REP,Lynn Grobe,621,323,298
Pottawattamie,GLWCW,County Board Of Supervisors,,REP,Lynn Grobe,279,153,126
Pottawattamie,Hancock,County Board Of Supervisors,,REP,Lynn Grobe,120,105,15
Pottawattamie,Lewis 1,County Board Of Supervisors,,REP,Lynn Grobe,458,247,211
Pottawattamie,Lewis 2,County Board Of Supervisors,,REP,Lynn Grobe,629,330,299
Pottawattamie,Macedonia,County Board Of Supervisors,,REP,Lynn Grobe,110,93,17
Pottawattamie,McClelland,County Board Of Supervisors,,REP,Lynn Grobe,315,205,110
Pottawattamie,Minden,County Board Of Supervisors,,REP,Lynn Grobe,395,289,106
Pottawattamie,Neola,County Board Of Supervisors,,REP,Lynn Grobe,455,288,167
Pottawattamie,Oakland,County Board Of Supervisors,,REP,Lynn Grobe,628,444,184
Pottawattamie,Treynor,County Board Of Supervisors,,REP,Lynn Grobe,537,397,140
Pottawattamie,Underwood,County Board Of Supervisors,,REP,Lynn Grobe,568,365,203
Pottawattamie,Walnut,County Board Of Supervisors,,REP,Lynn Grobe,220,179,41
Pottawattamie,CB 01,County Board Of Supervisors,,REP,Justin Schultz,196,122,74
Pottawattamie,CB 02,County Board Of Supervisors,,REP,Justin Schultz,338,195,143
Pottawattamie,CB 03,County Board Of Supervisors,,REP,Justin Schultz,290,195,95
Pottawattamie,CB 04,County Board Of Supervisors,,REP,Justin Schultz,270,149,121
Pottawattamie,CB 05,County Board Of Supervisors,,REP,Justin Schultz,273,141,132
Pottawattamie,CB 06,County Board Of Supervisors,,REP,Justin Schultz,458,259,199
Pottawattamie,CB 07,County Board Of Supervisors,,REP,Justin Schultz,405,259,146
Pottawattamie,CB 08,County Board Of Supervisors,,REP,Justin Schultz,595,327,268
Pottawattamie,CB 09,County Board Of Supervisors,,REP,Justin Schultz,447,210,237
Pottawattamie,CB 10A,County Board Of Supervisors,,REP,Justin Schultz,603,336,267
Pottawattamie,CB 10B,County Board Of Supervisors,,REP,Justin Schultz,668,361,307
Pottawattamie,CB 11,County Board Of Supervisors,,REP,Justin Schultz,458,303,155
Pottawattamie,CB 12,County Board Of Supervisors,,REP,Justin Schultz,482,255,227
Pottawattamie,CB 13,County Board Of Supervisors,,REP,Justin Schultz,206,128,78
Pottawattamie,CB 14,County Board Of Supervisors,,REP,Justin Schultz,228,145,83
Pottawattamie,CB 15,County Board Of Supervisors,,REP,Justin Schultz,215,109,106
Pottawattamie,CB 16,County Board Of Supervisors,,REP,Justin Schultz,247,146,101
Pottawattamie,CB 17,County Board Of Supervisors,,REP,Justin Schultz,338,207,131
Pottawattamie,CB 18,County Board Of Supervisors,,REP,Justin Schultz,320,199,121
Pottawattamie,CB 19,County Board Of Supervisors,,REP,Justin Schultz,240,138,102
Pottawattamie,CB 20,County Board Of Supervisors,,REP,Justin Schultz,383,243,140
Pottawattamie,CB 21,County Board Of Supervisors,,REP,Justin Schultz,277,163,114
Pottawattamie,Carter Lake 1,County Board Of Supervisors,,REP,Justin Schultz,255,190,65
Pottawattamie,Carter Lake 2,County Board Of Supervisors,,REP,Justin Schultz,262,205,57
Pottawattamie,Avoca,County Board Of Supervisors,,REP,Justin Schultz,308,232,76
Pottawattamie,Carson,County Board Of Supervisors,,REP,Justin Schultz,187,147,40
Pottawattamie,Crescent,County Board Of Supervisors,,REP,Justin Schultz,690,406,284
Pottawattamie,Garner,County Board Of Supervisors,,REP,Justin Schultz,815,442,373
Pottawattamie,GLWCW,County Board Of Supervisors,,REP,Justin Schultz,226,125,101
Pottawattamie,Hancock,County Board Of Supervisors,,REP,Justin Schultz,70,61,9
Pottawattamie,Lewis 1,County Board Of Supervisors,,REP,Justin Schultz,558,313,245
Pottawattamie,Lewis 2,County Board Of Supervisors,,REP,Justin Schultz,688,372,316
Pottawattamie,Macedonia,County Board Of Supervisors,,REP,Justin Schultz,99,86,13
Pottawattamie,McClelland,County Board Of Supervisors,,REP,Justin Schultz,319,197,122
Pottawattamie,Minden,County Board Of Supervisors,,REP,Justin Schultz,292,204,88
Pottawattamie,Neola,County Board Of Supervisors,,REP,Justin Schultz,491,294,197
Pottawattamie,Oakland,County Board Of Supervisors,,REP,Justin Schultz,414,282,132
Pottawattamie,Treynor,County Board Of Supervisors,,REP,Justin Schultz,473,344,129
Pottawattamie,Underwood,County Board Of Supervisors,,REP,Justin Schultz,658,436,222
Pottawattamie,Walnut,County Board Of Supervisors,,REP,Justin Schultz,178,142,36
Pottawattamie,CB 01,County Board Of Supervisors,,DEM,Glenn Hurst,264,159,105
Pottawattamie,CB 02,County Board Of Supervisors,,DEM,Glenn Hurst,310,149,161
Pottawattamie,CB 03,County Board Of Supervisors,,DEM,Glenn Hurst,247,136,111
Pottawattamie,CB 04,County Board Of Supervisors,,DEM,Glenn Hurst,290,129,161
Pottawattamie,CB 05,County Board Of Supervisors,,DEM,Glenn Hurst,288,151,137
Pottawattamie,CB 06,County Board Of Supervisors,,DEM,Glenn Hurst,428,228,200
Pottawattamie,CB 07,County Board Of Supervisors,,DEM,Glenn Hurst,427,246,181
Pottawattamie,CB 08,County Board Of Supervisors,,DEM,Glenn Hurst,480,247,233
Pottawattamie,CB 09,County Board Of Supervisors,,DEM,Glenn Hurst,333,150,183
Pottawattamie,CB 10A,County Board Of Supervisors,,DEM,Glenn Hurst,521,250,271
Pottawattamie,CB 10B,County Board Of Supervisors,,DEM,Glenn Hurst,371,217,154
Pottawattamie,CB 11,County Board Of Supervisors,,DEM,Glenn Hurst,449,228,221
Pottawattamie,CB 12,County Board Of Supervisors,,DEM,Glenn Hurst,395,212,183
Pottawattamie,CB 13,County Board Of Supervisors,,DEM,Glenn Hurst,234,126,108
Pottawattamie,CB 14,County Board Of Supervisors,,DEM,Glenn Hurst,265,157,108
Pottawattamie,CB 15,County Board Of Supervisors,,DEM,Glenn Hurst,284,128,156
Pottawattamie,CB 16,County Board Of Supervisors,,DEM,Glenn Hurst,264,134,130
Pottawattamie,CB 17,County Board Of Supervisors,,DEM,Glenn Hurst,373,178,195
Pottawattamie,CB 18,County Board Of Supervisors,,DEM,Glenn Hurst,335,178,157
Pottawattamie,CB 19,County Board Of Supervisors,,DEM,Glenn Hurst,233,113,120
Pottawattamie,CB 20,County Board Of Supervisors,,DEM,Glenn Hurst,236,140,96
Pottawattamie,CB 21,County Board Of Supervisors,,DEM,Glenn Hurst,222,103,119
Pottawattamie,Carter Lake 1,County Board Of Supervisors,,DEM,Glenn Hurst,190,123,67
Pottawattamie,Carter Lake 2,County Board Of Supervisors,,DEM,Glenn Hurst,194,137,57
Pottawattamie,Avoca,County Board Of Supervisors,,DEM,Glenn Hurst,220,158,62
Pottawattamie,Carson,County Board Of Supervisors,,DEM,Glenn Hurst,90,77,13
Pottawattamie,Crescent,County Board Of Supervisors,,DEM,Glenn Hurst,362,181,181
Pottawattamie,Garner,County Board Of Supervisors,,DEM,Glenn Hurst,364,197,167
Pottawattamie,GLWCW,County Board Of Supervisors,,DEM,Glenn Hurst,61,39,22
Pottawattamie,Hancock,County Board Of Supervisors,,DEM,Glenn Hurst,64,58,6
Pottawattamie,Lewis 1,County Board Of Supervisors,,DEM,Glenn Hurst,291,153,138
Pottawattamie,Lewis 2,County Board Of Supervisors,,DEM,Glenn Hurst,296,149,147
Pottawattamie,Macedonia,County Board Of Supervisors,,DEM,Glenn Hurst,36,27,9
Pottawattamie,McClelland,County Board Of Supervisors,,DEM,Glenn Hurst,101,64,37
Pottawattamie,Minden,County Board Of Supervisors,,DEM,Glenn Hurst,243,185,58
Pottawattamie,Neola,County Board Of Supervisors,,DEM,Glenn Hurst,270,177,93
Pottawattamie,Oakland,County Board Of Supervisors,,DEM,Glenn Hurst,251,170,81
Pottawattamie,Treynor,County Board Of Supervisors,,DEM,Glenn Hurst,174,121,53
Pottawattamie,Underwood,County Board Of Supervisors,,DEM,Glenn Hurst,389,216,173
Pottawattamie,Walnut,County Board Of Supervisors,,DEM,Glenn Hurst,108,83,25
Pottawattamie,CB 01,County Board Of Supervisors,,DEM,Frances Parr,201,118,83
Pottawattamie,CB 02,County Board Of Supervisors,,DEM,Frances Parr,268,123,145
Pottawattamie,CB 03,County Board Of Supervisors,,DEM,Frances Parr,200,114,86
Pottawattamie,CB 04,County Board Of Supervisors,,DEM,Frances Parr,235,100,135
Pottawattamie,CB 05,County Board Of Supervisors,,DEM,Frances Parr,224,106,118
Pottawattamie,CB 06,County Board Of Supervisors,,DEM,Frances Parr,306,145,161
Pottawattamie,CB 07,County Board Of Supervisors,,DEM,Frances Parr,320,184,136
Pottawattamie,CB 08,County Board Of Supervisors,,DEM,Frances Parr,346,159,187
Pottawattamie,CB 09,County Board Of Supervisors,,DEM,Frances Parr,240,110,130
Pottawattamie,CB 10A,County Board Of Supervisors,,DEM,Frances Parr,419,206,213
Pottawattamie,CB 10B,County Board Of Supervisors,,DEM,Frances Parr,271,160,111
Pottawattamie,CB 11,County Board Of Supervisors,,DEM,Frances Parr,345,164,181
Pottawattamie,CB 12,County Board Of Supervisors,,DEM,Frances Parr,281,140,141
Pottawattamie,CB 13,County Board Of Supervisors,,DEM,Frances Parr,209,109,100
Pottawattamie,CB 14,County Board Of Supervisors,,DEM,Frances Parr,204,113,91
Pottawattamie,CB 15,County Board Of Supervisors,,DEM,Frances Parr,228,94,134
Pottawattamie,CB 16,County Board Of Supervisors,,DEM,Frances Parr,226,98,128
Pottawattamie,CB 17,County Board Of Supervisors,,DEM,Frances Parr,290,139,151
Pottawattamie,CB 18,County Board Of Supervisors,,DEM,Frances Parr,258,123,135
Pottawattamie,CB 19,County Board Of Supervisors,,DEM,Frances Parr,219,108,111
Pottawattamie,CB 20,County Board Of Supervisors,,DEM,Frances Parr,177,97,80
Pottawattamie,CB 21,County Board Of Supervisors,,DEM,Frances Parr,185,88,97
Pottawattamie,Carter Lake 1,County Board Of Supervisors,,DEM,Frances Parr,172,102,70
Pottawattamie,Carter Lake 2,County Board Of Supervisors,,DEM,Frances Parr,141,101,40
Pottawattamie,Avoca,County Board Of Supervisors,,DEM,Frances Parr,152,102,50
Pottawattamie,Carson,County Board Of Supervisors,,DEM,Frances Parr,66,56,10
Pottawattamie,Crescent,County Board Of Supervisors,,DEM,Frances Parr,275,130,145
Pottawattamie,Garner,County Board Of Supervisors,,DEM,Frances Parr,248,123,125
Pottawattamie,GLWCW,County Board Of Supervisors,,DEM,Frances Parr,47,25,22
Pottawattamie,Hancock,County Board Of Supervisors,,DEM,Frances Parr,20,19,1
Pottawattamie,Lewis 1,County Board Of Supervisors,,DEM,Frances Parr,190,98,92
Pottawattamie,Lewis 2,County Board Of Supervisors,,DEM,Frances Parr,248,120,128
Pottawattamie,Macedonia,County Board Of Supervisors,,DEM,Frances Parr,23,16,7
Pottawattamie,McClelland,County Board Of Supervisors,,DEM,Frances Parr,76,42,34
Pottawattamie,Minden,County Board Of Supervisors,,DEM,Frances Parr,74,52,22
Pottawattamie,Neola,County Board Of Supervisors,,DEM,Frances Parr,144,81,63
Pottawattamie,Oakland,County Board Of Supervisors,,DEM,Frances Parr,138,90,48
Pottawattamie,Treynor,County Board Of Supervisors,,DEM,Frances Parr,115,71,44
Pottawattamie,Underwood,County Board Of Supervisors,,DEM,Frances Parr,274,145,129
Pottawattamie,Walnut,County Board Of Supervisors,,DEM,Frances Parr,85,64,21
Pottawattamie,CB 01,County Board Of Supervisors,,DEM,Marsha L. Pilger,238,136,102
Pottawattamie,CB 02,County Board Of Supervisors,,DEM,Marsha L. Pilger,329,164,165
Pottawattamie,CB 03,County Board Of Supervisors,,DEM,Marsha L. Pilger,278,149,129
Pottawattamie,CB 04,County Board Of Supervisors,,DEM,Marsha L. Pilger,264,114,150
Pottawattamie,CB 05,County Board Of Supervisors,,DEM,Marsha L. Pilger,283,128,155
Pottawattamie,CB 06,County Board Of Supervisors,,DEM,Marsha L. Pilger,420,219,201
Pottawattamie,CB 07,County Board Of Supervisors,,DEM,Marsha L. Pilger,381,213,168
Pottawattamie,CB 08,County Board Of Supervisors,,DEM,Marsha L. Pilger,473,213,260
Pottawattamie,CB 09,County Board Of Supervisors,,DEM,Marsha L. Pilger,339,142,197
Pottawattamie,CB 10A,County Board Of Supervisors,,DEM,Marsha L. Pilger,511,232,279
Pottawattamie,CB 10B,County Board Of Supervisors,,DEM,Marsha L. Pilger,353,204,149
Pottawattamie,CB 11,County Board Of Supervisors,,DEM,Marsha L. Pilger,471,249,222
Pottawattamie,CB 12,County Board Of Supervisors,,DEM,Marsha L. Pilger,362,184,178
Pottawattamie,CB 13,County Board Of Supervisors,,DEM,Marsha L. Pilger,273,140,133
Pottawattamie,CB 14,County Board Of Supervisors,,DEM,Marsha L. Pilger,260,152,108
Pottawattamie,CB 15,County Board Of Supervisors,,DEM,Marsha L. Pilger,286,119,167
Pottawattamie,CB 16,County Board Of Supervisors,,DEM,Marsha L. Pilger,256,116,140
Pottawattamie,CB 17,County Board Of Supervisors,,DEM,Marsha L. Pilger,392,184,208
Pottawattamie,CB 18,County Board Of Supervisors,,DEM,Marsha L. Pilger,310,162,148
Pottawattamie,CB 19,County Board Of Supervisors,,DEM,Marsha L. Pilger,250,127,123
Pottawattamie,CB 20,County Board Of Supervisors,,DEM,Marsha L. Pilger,235,136,99
Pottawattamie,CB 21,County Board Of Supervisors,,DEM,Marsha L. Pilger,219,98,121
Pottawattamie,Carter Lake 1,County Board Of Supervisors,,DEM,Marsha L. Pilger,202,117,85
Pottawattamie,Carter Lake 2,County Board Of Supervisors,,DEM,Marsha L. Pilger,196,142,54
Pottawattamie,Avoca,County Board Of Supervisors,,DEM,Marsha L. Pilger,167,113,54
Pottawattamie,Carson,County Board Of Supervisors,,DEM,Marsha L. Pilger,78,62,16
Pottawattamie,Crescent,County Board Of Supervisors,,DEM,Marsha L. Pilger,323,156,167
Pottawattamie,Garner,County Board Of Supervisors,,DEM,Marsha L. Pilger,319,153,166
Pottawattamie,GLWCW,County Board Of Supervisors,,DEM,Marsha L. Pilger,65,35,30
Pottawattamie,Hancock,County Board Of Supervisors,,DEM,Marsha L. Pilger,22,19,3
Pottawattamie,Lewis 1,County Board Of Supervisors,,DEM,Marsha L. Pilger,273,139,134
Pottawattamie,Lewis 2,County Board Of Supervisors,,DEM,Marsha L. Pilger,305,145,160
Pottawattamie,Macedonia,County Board Of Supervisors,,DEM,Marsha L. Pilger,29,21,8
Pottawattamie,McClelland,County Board Of Supervisors,,DEM,Marsha L. Pilger,81,48,33
Pottawattamie,Minden,County Board Of Supervisors,,DEM,Marsha L. Pilger,98,67,31
Pottawattamie,Neola,County Board Of Supervisors,,DEM,Marsha L. Pilger,188,115,73
Pottawattamie,Oakland,County Board Of Supervisors,,DEM,Marsha L. Pilger,168,114,54
Pottawattamie,Treynor,County Board Of Supervisors,,DEM,Marsha L. Pilger,135,94,41
Pottawattamie,Underwood,County Board Of Supervisors,,DEM,Marsha L. Pilger,328,182,146
Pottawattamie,Walnut,County Board Of Supervisors,,DEM,Marsha L. Pilger,104,76,28
Pottawattamie,CB 01,County Board Of Supervisors,,LIB,Robert Fairchild,25,21,4
Pottawattamie,CB 02,County Board Of Supervisors,,LIB,Robert Fairchild,47,35,12
Pottawattamie,CB 03,County Board Of Supervisors,,LIB,Robert Fairchild,24,18,6
Pottawattamie,CB 04,County Board Of Supervisors,,LIB,Robert Fairchild,42,24,18
Pottawattamie,CB 05,County Board Of Supervisors,,LIB,Robert Fairchild,34,19,15
Pottawattamie,CB 06,County Board Of Supervisors,,LIB,Robert Fairchild,53,45,8
Pottawattamie,CB 07,County Board Of Supervisors,,LIB,Robert Fairchild,59,37,22
Pottawattamie,CB 08,County Board Of Supervisors,,LIB,Robert Fairchild,53,31,22
Pottawattamie,CB 09,County Board Of Supervisors,,LIB,Robert Fairchild,44,33,11
Pottawattamie,CB 10A,County Board Of Supervisors,,LIB,Robert Fairchild,52,35,17
Pottawattamie,CB 10B,County Board Of Supervisors,,LIB,Robert Fairchild,46,33,13
Pottawattamie,CB 11,County Board Of Supervisors,,LIB,Robert Fairchild,82,67,15
Pottawattamie,CB 12,County Board Of Supervisors,,LIB,Robert Fairchild,52,41,11
Pottawattamie,CB 13,County Board Of Supervisors,,LIB,Robert Fairchild,27,19,8
Pottawattamie,CB 14,County Board Of Supervisors,,LIB,Robert Fairchild,37,32,5
Pottawattamie,CB 15,County Board Of Supervisors,,LIB,Robert Fairchild,38,22,16
Pottawattamie,CB 16,County Board Of Supervisors,,LIB,Robert Fairchild,41,22,19
Pottawattamie,CB 17,County Board Of Supervisors,,LIB,Robert Fairchild,47,34,13
Pottawattamie,CB 18,County Board Of Supervisors,,LIB,Robert Fairchild,37,22,15
Pottawattamie,CB 19,County Board Of Supervisors,,LIB,Robert Fairchild,22,18,4
Pottawattamie,CB 20,County Board Of Supervisors,,LIB,Robert Fairchild,35,28,7
Pottawattamie,CB 21,County Board Of Supervisors,,LIB,Robert Fairchild,23,17,6
Pottawattamie,Carter Lake 1,County Board Of Supervisors,,LIB,Robert Fairchild,23,15,8
Pottawattamie,Carter Lake 2,County Board Of Supervisors,,LIB,Robert Fairchild,27,23,4
Pottawattamie,Avoca,County Board Of Supervisors,,LIB,Robert Fairchild,32,23,9
Pottawattamie,Carson,County Board Of Supervisors,,LIB,Robert Fairchild,14,10,4
Pottawattamie,Crescent,County Board Of Supervisors,,LIB,Robert Fairchild,57,39,18
Pottawattamie,Garner,County Board Of Supervisors,,LIB,Robert Fairchild,62,37,25
Pottawattamie,GLWCW,County Board Of Supervisors,,LIB,Robert Fairchild,17,15,2
Pottawattamie,Hancock,County Board Of Supervisors,,LIB,Robert Fairchild,8,5,3
Pottawattamie,Lewis 1,County Board Of Supervisors,,LIB,Robert Fairchild,38,23,15
Pottawattamie,Lewis 2,County Board Of Supervisors,,LIB,Robert Fairchild,55,35,20
Pottawattamie,Macedonia,County Board Of Supervisors,,LIB,Robert Fairchild,10,10,0
Pottawattamie,McClelland,County Board Of Supervisors,,LIB,Robert Fairchild,22,14,8
Pottawattamie,Minden,County Board Of Supervisors,,LIB,Robert Fairchild,7,7,0
Pottawattamie,Neola,County Board Of Supervisors,,LIB,Robert Fairchild,38,23,15
Pottawattamie,Oakland,County Board Of Supervisors,,LIB,Robert Fairchild,28,20,8
Pottawattamie,Treynor,County Board Of Supervisors,,LIB,Robert Fairchild,33,24,9
Pottawattamie,Underwood,County Board Of Supervisors,,LIB,Robert Fairchild,43,29,14
Pottawattamie,Walnut,County Board Of Supervisors,,LIB,Robert Fairchild,15,13,2
Pottawattamie,CB 01,County Board Of Supervisors,,Ind,Donn Dierks,69,50,19
Pottawattamie,CB 02,County Board Of Supervisors,,Ind,Donn Dierks,110,73,37
Pottawattamie,CB 03,County Board Of Supervisors,,Ind,Donn Dierks,83,49,34
Pottawattamie,CB 04,County Board Of Supervisors,,Ind,Donn Dierks,80,40,40
Pottawattamie,CB 05,County Board Of Supervisors,,Ind,Donn Dierks,91,48,43
Pottawattamie,CB 06,County Board Of Supervisors,,Ind,Donn Dierks,149,100,49
Pottawattamie,CB 07,County Board Of Supervisors,,Ind,Donn Dierks,170,107,63
Pottawattamie,CB 08,County Board Of Supervisors,,Ind,Donn Dierks,243,142,101
Pottawattamie,CB 09,County Board Of Supervisors,,Ind,Donn Dierks,155,83,72
Pottawattamie,CB 10A,County Board Of Supervisors,,Ind,Donn Dierks,254,144,110
Pottawattamie,CB 10B,County Board Of Supervisors,,Ind,Donn Dierks,266,161,105
Pottawattamie,CB 11,County Board Of Supervisors,,Ind,Donn Dierks,173,115,58
Pottawattamie,CB 12,County Board Of Supervisors,,Ind,Donn Dierks,227,137,90
Pottawattamie,CB 13,County Board Of Supervisors,,Ind,Donn Dierks,82,56,26
Pottawattamie,CB 14,County Board Of Supervisors,,Ind,Donn Dierks,61,43,18
Pottawattamie,CB 15,County Board Of Supervisors,,Ind,Donn Dierks,69,43,26
Pottawattamie,CB 16,County Board Of Supervisors,,Ind,Donn Dierks,90,52,38
Pottawattamie,CB 17,County Board Of Supervisors,,Ind,Donn Dierks,114,67,47
Pottawattamie,CB 18,County Board Of Supervisors,,Ind,Donn Dierks,83,54,29
Pottawattamie,CB 19,County Board Of Supervisors,,Ind,Donn Dierks,71,46,25
Pottawattamie,CB 20,County Board Of Supervisors,,Ind,Donn Dierks,105,71,34
Pottawattamie,CB 21,County Board Of Supervisors,,Ind,Donn Dierks,54,34,20
Pottawattamie,Carter Lake 1,County Board Of Supervisors,,Ind,Donn Dierks,56,41,15
Pottawattamie,Carter Lake 2,County Board Of Supervisors,,Ind,Donn Dierks,37,31,6
Pottawattamie,Avoca,County Board Of Supervisors,,Ind,Donn Dierks,46,39,7
Pottawattamie,Carson,County Board Of Supervisors,,Ind,Donn Dierks,37,28,9
Pottawattamie,Crescent,County Board Of Supervisors,,Ind,Donn Dierks,166,99,67
Pottawattamie,Garner,County Board Of Supervisors,,Ind,Donn Dierks,315,159,156
Pottawattamie,GLWCW,County Board Of Supervisors,,Ind,Donn Dierks,27,23,4
Pottawattamie,Hancock,County Board Of Supervisors,,Ind,Donn Dierks,6,5,1
Pottawattamie,Lewis 1,County Board Of Supervisors,,Ind,Donn Dierks,197,115,82
Pottawattamie,Lewis 2,County Board Of Supervisors,,Ind,Donn Dierks,176,102,74
Pottawattamie,Macedonia,County Board Of Supervisors,,Ind,Donn Dierks,10,9,1
Pottawattamie,McClelland,County Board Of Supervisors,,Ind,Donn Dierks,80,44,36
Pottawattamie,Minden,County Board Of Supervisors,,Ind,Donn Dierks,36,28,8
Pottawattamie,Neola,County Board Of Supervisors,,Ind,Donn Dierks,86,53,33
Pottawattamie,Oakland,County Board Of Supervisors,,Ind,Donn Dierks,72,53,19
Pottawattamie,Treynor,County Board Of Supervisors,,Ind,Donn Dierks,69,45,24
Pottawattamie,Underwood,County Board Of Supervisors,,Ind,Donn Dierks,150,99,51
Pottawattamie,Walnut,County Board Of Supervisors,,Ind,Donn Dierks,30,21,9
Pottawattamie,CB 01,County Board Of Supervisors,,,Tom Hanafan,166,112,54
Pottawattamie,CB 02,County Board Of Supervisors,,,Tom Hanafan,282,169,113
Pottawattamie,CB 03,County Board Of Supervisors,,,Tom Hanafan,228,139,89
Pottawattamie,CB 04,County Board Of Supervisors,,,Tom Hanafan,209,111,98
Pottawattamie,CB 05,County Board Of Supervisors,,,Tom Hanafan,261,118,143
Pottawattamie,CB 06,County Board Of Supervisors,,,Tom Hanafan,407,245,162
Pottawattamie,CB 07,County Board Of Supervisors,,,Tom Hanafan,358,217,141
Pottawattamie,CB 08,County Board Of Supervisors,,,Tom Hanafan,535,303,232
Pottawattamie,CB 09,County Board Of Supervisors,,,Tom Hanafan,378,173,205
Pottawattamie,CB 10A,County Board Of Supervisors,,,Tom Hanafan,606,302,304
Pottawattamie,CB 10B,County Board Of Supervisors,,,Tom Hanafan,727,400,327
Pottawattamie,CB 11,County Board Of Supervisors,,,Tom Hanafan,366,217,149
Pottawattamie,CB 12,County Board Of Supervisors,,,Tom Hanafan,429,243,186
Pottawattamie,CB 13,County Board Of Supervisors,,,Tom Hanafan,173,116,57
Pottawattamie,CB 14,County Board Of Supervisors,,,Tom Hanafan,159,94,65
Pottawattamie,CB 15,County Board Of Supervisors,,,Tom Hanafan,175,98,77
Pottawattamie,CB 16,County Board Of Supervisors,,,Tom Hanafan,236,133,103
Pottawattamie,CB 17,County Board Of Supervisors,,,Tom Hanafan,302,170,132
Pottawattamie,CB 18,County Board Of Supervisors,,,Tom Hanafan,254,161,93
Pottawattamie,CB 19,County Board Of Supervisors,,,Tom Hanafan,192,107,85
Pottawattamie,CB 20,County Board Of Supervisors,,,Tom Hanafan,285,184,101
Pottawattamie,CB 21,County Board Of Supervisors,,,Tom Hanafan,163,89,74
Pottawattamie,Carter Lake 1,County Board Of Supervisors,,,Tom Hanafan,147,113,34
Pottawattamie,Carter Lake 2,County Board Of Supervisors,,,Tom Hanafan,115,89,26
Pottawattamie,Avoca,County Board Of Supervisors,,,Tom Hanafan,152,112,40
Pottawattamie,Carson,County Board Of Supervisors,,,Tom Hanafan,86,72,14
Pottawattamie,Crescent,County Board Of Supervisors,,,Tom Hanafan,405,212,193
Pottawattamie,Garner,County Board Of Supervisors,,,Tom Hanafan,697,359,338
Pottawattamie,GLWCW,County Board Of Supervisors,,,Tom Hanafan,75,44,31
Pottawattamie,Hancock,County Board Of Supervisors,,,Tom Hanafan,33,25,8
Pottawattamie,Lewis 1,County Board Of Supervisors,,,Tom Hanafan,521,289,232
Pottawattamie,Lewis 2,County Board Of Supervisors,,,Tom Hanafan,465,241,224
Pottawattamie,Macedonia,County Board Of Supervisors,,,Tom Hanafan,33,25,8
Pottawattamie,McClelland,County Board Of Supervisors,,,Tom Hanafan,198,131,67
Pottawattamie,Minden,County Board Of Supervisors,,,Tom Hanafan,174,136,38
Pottawattamie,Neola,County Board Of Supervisors,,,Tom Hanafan,223,143,80
Pottawattamie,Oakland,County Board Of Supervisors,,,Tom Hanafan,238,154,84
Pottawattamie,Treynor,County Board Of Supervisors,,,Tom Hanafan,328,251,77
Pottawattamie,Underwood,County Board Of Supervisors,,,Tom Hanafan,435,279,156
Pottawattamie,Walnut,County Board Of Supervisors,,,Tom Hanafan,35,27,8
Pottawattamie,CB 01,County Board Of Supervisors,,,Write-in,3,0,3
Pottawattamie,CB 02,County Board Of Supervisors,,,Write-in,1,0,1
Pottawattamie,CB 03,County Board Of Supervisors,,,Write-in,3,3,0
Pottawattamie,CB 04,County Board Of Supervisors,,,Write-in,3,0,3
Pottawattamie,CB 05,County Board Of Supervisors,,,Write-in,1,0,1
Pottawattamie,CB 06,County Board Of Supervisors,,,Write-in,0,0,0
Pottawattamie,CB 07,County Board Of Supervisors,,,Write-in,5,3,2
Pottawattamie,CB 08,County Board Of Supervisors,,,Write-in,4,4,0
Pottawattamie,CB 09,County Board Of Supervisors,,,Write-in,2,2,0
Pottawattamie,CB 10A,County Board Of Supervisors,,,Write-in,3,0,3
Pottawattamie,CB 10B,County Board Of Supervisors,,,Write-in,3,3,0
Pottawattamie,CB 11,County Board Of Supervisors,,,Write-in,2,1,1
Pottawattamie,CB 12,County Board Of Supervisors,,,Write-in,0,0,0
Pottawattamie,CB 13,County Board Of Supervisors,,,Write-in,1,1,0
Pottawattamie,CB 14,County Board Of Supervisors,,,Write-in,0,0,0
Pottawattamie,CB 15,County Board Of Supervisors,,,Write-in,4,4,0
Pottawattamie,CB 16,County Board Of Supervisors,,,Write-in,3,0,3
Pottawattamie,CB 17,County Board Of Supervisors,,,Write-in,2,1,1
Pottawattamie,CB 18,County Board Of Supervisors,,,Write-in,0,0,0
Pottawattamie,CB 19,County Board Of Supervisors,,,Write-in,1,1,0
Pottawattamie,CB 20,County Board Of Supervisors,,,Write-in,0,0,0
Pottawattamie,CB 21,County Board Of Supervisors,,,Write-in,3,3,0
Pottawattamie,Carter Lake 1,County Board Of Supervisors,,,Write-in,1,1,0
Pottawattamie,Carter Lake 2,County Board Of Supervisors,,,Write-in,0,0,0
Pottawattamie,Avoca,County Board Of Supervisors,,,Write-in,2,1,1
Pottawattamie,Carson,County Board Of Supervisors,,,Write-in,1,1,0
Pottawattamie,Crescent,County Board Of Supervisors,,,Write-in,2,2,0
Pottawattamie,Garner,County Board Of Supervisors,,,Write-in,3,2,1
Pottawattamie,GLWCW,County Board Of Supervisors,,,Write-in,5,2,3
Pottawattamie,Hancock,County Board Of Supervisors,,,Write-in,1,1,0
Pottawattamie,Lewis 1,County Board Of Supervisors,,,Write-in,2,1,1
Pottawattamie,Lewis 2,County Board Of Supervisors,,,Write-in,3,3,0
Pottawattamie,Macedonia,County Board Of Supervisors,,,Write-in,0,0,0
Pottawattamie,McClelland,County Board Of Supervisors,,,Write-in,2,2,0
Pottawattamie,Minden,County Board Of Supervisors,,,Write-in,0,0,0
Pottawattamie,Neola,County Board Of Supervisors,,,Write-in,1,0,1
Pottawattamie,Oakland,County Board Of Supervisors,,,Write-in,0,0,0
Pottawattamie,Treynor,County Board Of Supervisors,,,Write-in,5,2,3
Pottawattamie,Underwood,County Board Of Supervisors,,,Write-in,3,3,0
Pottawattamie,Walnut,County Board Of Supervisors,,,Write-in,0,0,0
Pottawattamie,CB 01,County Treasurer,,REP,Lea A. Voss,456,302,154
Pottawattamie,CB 02,County Treasurer,,REP,Lea A. Voss,703,414,289
Pottawattamie,CB 03,County Treasurer,,REP,Lea A. Voss,557,364,193
Pottawattamie,CB 04,County Treasurer,,REP,Lea A. Voss,583,329,254
Pottawattamie,CB 05,County Treasurer,,REP,Lea A. Voss,623,320,303
Pottawattamie,CB 06,County Treasurer,,REP,Lea A. Voss,882,529,353
Pottawattamie,CB 07,County Treasurer,,REP,Lea A. Voss,905,573,332
Pottawattamie,CB 08,County Treasurer,,REP,Lea A. Voss,1110,625,485
Pottawattamie,CB 09,County Treasurer,,REP,Lea A. Voss,791,389,402
Pottawattamie,CB 10A,County Treasurer,,REP,Lea A. Voss,1209,659,550
Pottawattamie,CB 10B,County Treasurer,,REP,Lea A. Voss,1184,676,508
Pottawattamie,CB 11,County Treasurer,,REP,Lea A. Voss,864,542,322
Pottawattamie,CB 12,County Treasurer,,REP,Lea A. Voss,958,522,436
Pottawattamie,CB 13,County Treasurer,,REP,Lea A. Voss,430,266,164
Pottawattamie,CB 14,County Treasurer,,REP,Lea A. Voss,468,293,175
Pottawattamie,CB 15,County Treasurer,,REP,Lea A. Voss,506,271,235
Pottawattamie,CB 16,County Treasurer,,REP,Lea A. Voss,559,310,249
Pottawattamie,CB 17,County Treasurer,,REP,Lea A. Voss,714,406,308
Pottawattamie,CB 18,County Treasurer,,REP,Lea A. Voss,678,402,276
Pottawattamie,CB 19,County Treasurer,,REP,Lea A. Voss,484,281,203
Pottawattamie,CB 20,County Treasurer,,REP,Lea A. Voss,663,415,248
Pottawattamie,CB 21,County Treasurer,,REP,Lea A. Voss,527,295,232
Pottawattamie,Carter Lake 1,County Treasurer,,REP,Lea A. Voss,453,332,121
Pottawattamie,Carter Lake 2,County Treasurer,,REP,Lea A. Voss,454,348,106
Pottawattamie,Avoca,County Treasurer,,REP,Lea A. Voss,671,518,153
Pottawattamie,Carson,County Treasurer,,REP,Lea A. Voss,344,278,66
Pottawattamie,Crescent,County Treasurer,,REP,Lea A. Voss,1062,617,445
Pottawattamie,Garner,County Treasurer,,REP,Lea A. Voss,1361,739,622
Pottawattamie,GLWCW,County Treasurer,,REP,Lea A. Voss,363,206,157
Pottawattamie,Hancock,County Treasurer,,REP,Lea A. Voss,169,150,19
Pottawattamie,Lewis 1,County Treasurer,,REP,Lea A. Voss,961,537,424
Pottawattamie,Lewis 2,County Treasurer,,REP,Lea A. Voss,1088,592,496
Pottawattamie,Macedonia,County Treasurer,,REP,Lea A. Voss,153,132,21
Pottawattamie,McClelland,County Treasurer,,REP,Lea A. Voss,505,325,180
Pottawattamie,Minden,County Treasurer,,REP,Lea A. Voss,557,413,144
Pottawattamie,Neola,County Treasurer,,REP,Lea A. Voss,769,489,280
Pottawattamie,Oakland,County Treasurer,,REP,Lea A. Voss,814,579,235
Pottawattamie,Treynor,County Treasurer,,REP,Lea A. Voss,772,567,205
Pottawattamie,Underwood,County Treasurer,,REP,Lea A. Voss,1113,712,401
Pottawattamie,Walnut,County Treasurer,,REP,Lea A. Voss,308,252,56
Pottawattamie,CB 01,County Treasurer,,,Write-in,19,13,6
Pottawattamie,CB 02,County Treasurer,,,Write-in,24,15,9
Pottawattamie,CB 03,County Treasurer,,,Write-in,9,6,3
Pottawattamie,CB 04,County Treasurer,,,Write-in,24,12,12
Pottawattamie,CB 05,County Treasurer,,,Write-in,15,10,5
Pottawattamie,CB 06,County Treasurer,,,Write-in,29,21,8
Pottawattamie,CB 07,County Treasurer,,,Write-in,24,15,9
Pottawattamie,CB 08,County Treasurer,,,Write-in,32,20,12
Pottawattamie,CB 09,County Treasurer,,,Write-in,18,9,9
Pottawattamie,CB 10A,County Treasurer,,,Write-in,29,15,14
Pottawattamie,CB 10B,County Treasurer,,,Write-in,14,12,2
Pottawattamie,CB 11,County Treasurer,,,Write-in,40,23,17
Pottawattamie,CB 12,County Treasurer,,,Write-in,24,18,6
Pottawattamie,CB 13,County Treasurer,,,Write-in,14,8,6
Pottawattamie,CB 14,County Treasurer,,,Write-in,19,10,9
Pottawattamie,CB 15,County Treasurer,,,Write-in,21,16,5
Pottawattamie,CB 16,County Treasurer,,,Write-in,19,11,8
Pottawattamie,CB 17,County Treasurer,,,Write-in,22,9,13
Pottawattamie,CB 18,County Treasurer,,,Write-in,25,14,11
Pottawattamie,CB 19,County Treasurer,,,Write-in,22,14,8
Pottawattamie,CB 20,County Treasurer,,,Write-in,16,12,4
Pottawattamie,CB 21,County Treasurer,,,Write-in,14,13,1
Pottawattamie,Carter Lake 1,County Treasurer,,,Write-in,10,3,7
Pottawattamie,Carter Lake 2,County Treasurer,,,Write-in,8,5,3
Pottawattamie,Avoca,County Treasurer,,,Write-in,13,8,5
Pottawattamie,Carson,County Treasurer,,,Write-in,2,2,0
Pottawattamie,Crescent,County Treasurer,,,Write-in,10,10,0
Pottawattamie,Garner,County Treasurer,,,Write-in,19,10,9
Pottawattamie,GLWCW,County Treasurer,,,Write-in,2,0,2
Pottawattamie,Hancock,County Treasurer,,,Write-in,0,0,0
Pottawattamie,Lewis 1,County Treasurer,,,Write-in,12,9,3
Pottawattamie,Lewis 2,County Treasurer,,,Write-in,15,9,6
Pottawattamie,Macedonia,County Treasurer,,,Write-in,0,0,0
Pottawattamie,McClelland,County Treasurer,,,Write-in,5,3,2
Pottawattamie,Minden,County Treasurer,,,Write-in,2,2,0
Pottawattamie,Neola,County Treasurer,,,Write-in,12,6,6
Pottawattamie,Oakland,County Treasurer,,,Write-in,7,4,3
Pottawattamie,Treynor,County Treasurer,,,Write-in,5,4,1
Pottawattamie,Underwood,County Treasurer,,,Write-in,19,12,7
Pottawattamie,Walnut,County Treasurer,,,Write-in,5,3,2
Pottawattamie,CB 01,County Recorder,,REP,Mark A. Brandenburg,443,290,153
Pottawattamie,CB 02,County Recorder,,REP,Mark A. Brandenburg,689,406,283
Pottawattamie,CB 03,County Recorder,,REP,Mark A. Brandenburg,552,363,189
Pottawattamie,CB 04,County Recorder,,REP,Mark A. Brandenburg,560,320,240
Pottawattamie,CB 05,County Recorder,,REP,Mark A. Brandenburg,610,314,296
Pottawattamie,CB 06,County Recorder,,REP,Mark A. Brandenburg,875,522,353
Pottawattamie,CB 07,County Recorder,,REP,Mark A. Brandenburg,886,556,330
Pottawattamie,CB 08,County Recorder,,REP,Mark A. Brandenburg,1085,611,474
Pottawattamie,CB 09,County Recorder,,REP,Mark A. Brandenburg,774,380,394
Pottawattamie,CB 10A,County Recorder,,REP,Mark A. Brandenburg,1182,649,533
Pottawattamie,CB 10B,County Recorder,,REP,Mark A. Brandenburg,1149,661,488
Pottawattamie,CB 11,County Recorder,,REP,Mark A. Brandenburg,854,539,315
Pottawattamie,CB 12,County Recorder,,REP,Mark A. Brandenburg,944,522,422
Pottawattamie,CB 13,County Recorder,,REP,Mark A. Brandenburg,425,262,163
Pottawattamie,CB 14,County Recorder,,REP,Mark A. Brandenburg,456,289,167
Pottawattamie,CB 15,County Recorder,,REP,Mark A. Brandenburg,500,268,232
Pottawattamie,CB 16,County Recorder,,REP,Mark A. Brandenburg,557,310,247
Pottawattamie,CB 17,County Recorder,,REP,Mark A. Brandenburg,693,399,294
Pottawattamie,CB 18,County Recorder,,REP,Mark A. Brandenburg,663,398,265
Pottawattamie,CB 19,County Recorder,,REP,Mark A. Brandenburg,475,274,201
Pottawattamie,CB 20,County Recorder,,REP,Mark A. Brandenburg,655,410,245
Pottawattamie,CB 21,County Recorder,,REP,Mark A. Brandenburg,513,286,227
Pottawattamie,Carter Lake 1,County Recorder,,REP,Mark A. Brandenburg,452,330,122
Pottawattamie,Carter Lake 2,County Recorder,,REP,Mark A. Brandenburg,450,345,105
Pottawattamie,Avoca,County Recorder,,REP,Mark A. Brandenburg,640,491,149
Pottawattamie,Carson,County Recorder,,REP,Mark A. Brandenburg,332,268,64
Pottawattamie,Crescent,County Recorder,,REP,Mark A. Brandenburg,1045,612,433
Pottawattamie,Garner,County Recorder,,REP,Mark A. Brandenburg,1345,728,617
Pottawattamie,GLWCW,County Recorder,,REP,Mark A. Brandenburg,349,202,147
Pottawattamie,Hancock,County Recorder,,REP,Mark A. Brandenburg,158,140,18
Pottawattamie,Lewis 1,County Recorder,,REP,Mark A. Brandenburg,936,525,411
Pottawattamie,Lewis 2,County Recorder,,REP,Mark A. Brandenburg,1075,584,491
Pottawattamie,Macedonia,County Recorder,,REP,Mark A. Brandenburg,152,131,21
Pottawattamie,McClelland,County Recorder,,REP,Mark A. Brandenburg,491,318,173
Pottawattamie,Minden,County Recorder,,REP,Mark A. Brandenburg,534,396,138
Pottawattamie,Neola,County Recorder,,REP,Mark A. Brandenburg,745,471,274
Pottawattamie,Oakland,County Recorder,,REP,Mark A. Brandenburg,783,560,223
Pottawattamie,Treynor,County Recorder,,REP,Mark A. Brandenburg,762,559,203
Pottawattamie,Underwood,County Recorder,,REP,Mark A. Brandenburg,1082,692,390
Pottawattamie,Walnut,County Recorder,,REP,Mark A. Brandenburg,293,240,53
Pottawattamie,CB 01,County Recorder,,,Write-in,18,12,6
Pottawattamie,CB 02,County Recorder,,,Write-in,24,15,9
Pottawattamie,CB 03,County Recorder,,,Write-in,8,5,3
Pottawattamie,CB 04,County Recorder,,,Write-in,22,10,12
Pottawattamie,CB 05,County Recorder,,,Write-in,16,11,5
Pottawattamie,CB 06,County Recorder,,,Write-in,26,19,7
Pottawattamie,CB 07,County Recorder,,,Write-in,26,19,7
Pottawattamie,CB 08,County Recorder,,,Write-in,31,19,12
Pottawattamie,CB 09,County Recorder,,,Write-in,20,11,9
Pottawattamie,CB 10A,County Recorder,,,Write-in,31,13,18
Pottawattamie,CB 10B,County Recorder,,,Write-in,15,13,2
Pottawattamie,CB 11,County Recorder,,,Write-in,33,19,14
Pottawattamie,CB 12,County Recorder,,,Write-in,24,18,6
Pottawattamie,CB 13,County Recorder,,,Write-in,12,7,5
Pottawattamie,CB 14,County Recorder,,,Write-in,17,8,9
Pottawattamie,CB 15,County Recorder,,,Write-in,16,13,3
Pottawattamie,CB 16,County Recorder,,,Write-in,17,11,6
Pottawattamie,CB 17,County Recorder,,,Write-in,20,7,13
Pottawattamie,CB 18,County Recorder,,,Write-in,21,11,10
Pottawattamie,CB 19,County Recorder,,,Write-in,23,15,8
Pottawattamie,CB 20,County Recorder,,,Write-in,13,10,3
Pottawattamie,CB 21,County Recorder,,,Write-in,13,12,1
Pottawattamie,Carter Lake 1,County Recorder,,,Write-in,9,3,6
Pottawattamie,Carter Lake 2,County Recorder,,,Write-in,7,4,3
Pottawattamie,Avoca,County Recorder,,,Write-in,7,5,2
Pottawattamie,Carson,County Recorder,,,Write-in,2,2,0
Pottawattamie,Crescent,County Recorder,,,Write-in,11,8,3
Pottawattamie,Garner,County Recorder,,,Write-in,17,10,7
Pottawattamie,GLWCW,County Recorder,,,Write-in,2,0,2
Pottawattamie,Hancock,County Recorder,,,Write-in,1,1,0
Pottawattamie,Lewis 1,County Recorder,,,Write-in,13,8,5
Pottawattamie,Lewis 2,County Recorder,,,Write-in,12,6,6
Pottawattamie,Macedonia,County Recorder,,,Write-in,0,0,0
Pottawattamie,McClelland,County Recorder,,,Write-in,5,2,3
Pottawattamie,Minden,County Recorder,,,Write-in,3,2,1
Pottawattamie,Neola,County Recorder,,,Write-in,5,4,1
Pottawattamie,Oakland,County Recorder,,,Write-in,8,6,2
Pottawattamie,Treynor,County Recorder,,,Write-in,3,2,1
Pottawattamie,Underwood,County Recorder,,,Write-in,12,6,6
Pottawattamie,Walnut,County Recorder,,,Write-in,6,3,3
Pottawattamie,CB 01,County Attorney,,REP,Matthew D. Wilber,444,292,152
Pottawattamie,CB 02,County Attorney,,REP,Matthew D. Wilber,678,398,280
Pottawattamie,CB 03,County Attorney,,REP,Matthew D. Wilber,550,357,193
Pottawattamie,CB 04,County Attorney,,REP,Matthew D. Wilber,560,316,244
Pottawattamie,CB 05,County Attorney,,REP,Matthew D. Wilber,598,304,294
Pottawattamie,CB 06,County Attorney,,REP,Matthew D. Wilber,875,519,356
Pottawattamie,CB 07,County Attorney,,REP,Matthew D. Wilber,906,564,342
Pottawattamie,CB 08,County Attorney,,REP,Matthew D. Wilber,1109,628,481
Pottawattamie,CB 09,County Attorney,,REP,Matthew D. Wilber,781,383,398
Pottawattamie,CB 10A,County Attorney,,REP,Matthew D. Wilber,1204,653,551
Pottawattamie,CB 10B,County Attorney,,REP,Matthew D. Wilber,1181,674,507
Pottawattamie,CB 11,County Attorney,,REP,Matthew D. Wilber,869,551,318
Pottawattamie,CB 12,County Attorney,,REP,Matthew D. Wilber,940,520,420
Pottawattamie,CB 13,County Attorney,,REP,Matthew D. Wilber,429,264,165
Pottawattamie,CB 14,County Attorney,,REP,Matthew D. Wilber,462,291,171
Pottawattamie,CB 15,County Attorney,,REP,Matthew D. Wilber,491,266,225
Pottawattamie,CB 16,County Attorney,,REP,Matthew D. Wilber,557,309,248
Pottawattamie,CB 17,County Attorney,,REP,Matthew D. Wilber,704,402,302
Pottawattamie,CB 18,County Attorney,,REP,Matthew D. Wilber,675,400,275
Pottawattamie,CB 19,County Attorney,,REP,Matthew D. Wilber,478,276,202
Pottawattamie,CB 20,County Attorney,,REP,Matthew D. Wilber,650,404,246
Pottawattamie,CB 21,County Attorney,,REP,Matthew D. Wilber,513,285,228
Pottawattamie,Carter Lake 1,County Attorney,,REP,Matthew D. Wilber,445,326,119
Pottawattamie,Carter Lake 2,County Attorney,,REP,Matthew D. Wilber,445,341,104
Pottawattamie,Avoca,County Attorney,,REP,Matthew D. Wilber,641,490,151
Pottawattamie,Carson,County Attorney,,REP,Matthew D. Wilber,345,279,66
Pottawattamie,Crescent,County Attorney,,REP,Matthew D. Wilber,1050,611,439
Pottawattamie,Garner,County Attorney,,REP,Matthew D. Wilber,1372,745,627
Pottawattamie,GLWCW,County Attorney,,REP,Matthew D. Wilber,353,204,149
Pottawattamie,Hancock,County Attorney,,REP,Matthew D. Wilber,155,137,18
Pottawattamie,Lewis 1,County Attorney,,REP,Matthew D. Wilber,953,530,423
Pottawattamie,Lewis 2,County Attorney,,REP,Matthew D. Wilber,1096,592,504
Pottawattamie,Macedonia,County Attorney,,REP,Matthew D. Wilber,147,126,21
Pottawattamie,McClelland,County Attorney,,REP,Matthew D. Wilber,495,319,176
Pottawattamie,Minden,County Attorney,,REP,Matthew D. Wilber,543,403,140
Pottawattamie,Neola,County Attorney,,REP,Matthew D. Wilber,738,470,268
Pottawattamie,Oakland,County Attorney,,REP,Matthew D. Wilber,794,573,221
Pottawattamie,Treynor,County Attorney,,REP,Matthew D. Wilber,770,565,205
Pottawattamie,Underwood,County Attorney,,REP,Matthew D. Wilber,1094,694,400
Pottawattamie,Walnut,County Attorney,,REP,Matthew D. Wilber,298,242,56
Pottawattamie,CB 01,County Attorney,,,Write-in,21,13,8
Pottawattamie,CB 02,County Attorney,,,Write-in,26,17,9
Pottawattamie,CB 03,County Attorney,,,Write-in,10,8,2
Pottawattamie,CB 04,County Attorney,,,Write-in,22,9,13
Pottawattamie,CB 05,County Attorney,,,Write-in,17,12,5
Pottawattamie,CB 06,County Attorney,,,Write-in,25,17,8
Pottawattamie,CB 07,County Attorney,,,Write-in,22,15,7
Pottawattamie,CB 08,County Attorney,,,Write-in,29,19,10
Pottawattamie,CB 09,County Attorney,,,Write-in,24,13,11
Pottawattamie,CB 10A,County Attorney,,,Write-in,28,15,13
Pottawattamie,CB 10B,County Attorney,,,Write-in,16,13,3
Pottawattamie,CB 11,County Attorney,,,Write-in,31,18,13
Pottawattamie,CB 12,County Attorney,,,Write-in,26,19,7
Pottawattamie,CB 13,County Attorney,,,Write-in,11,8,3
Pottawattamie,CB 14,County Attorney,,,Write-in,17,9,8
Pottawattamie,CB 15,County Attorney,,,Write-in,17,13,4
Pottawattamie,CB 16,County Attorney,,,Write-in,19,12,7
Pottawattamie,CB 17,County Attorney,,,Write-in,20,5,15
Pottawattamie,CB 18,County Attorney,,,Write-in,22,11,11
Pottawattamie,CB 19,County Attorney,,,Write-in,22,14,8
Pottawattamie,CB 20,County Attorney,,,Write-in,13,11,2
Pottawattamie,CB 21,County Attorney,,,Write-in,14,12,2
Pottawattamie,Carter Lake 1,County Attorney,,,Write-in,6,2,4
Pottawattamie,Carter Lake 2,County Attorney,,,Write-in,5,2,3
Pottawattamie,Avoca,County Attorney,,,Write-in,16,11,5
Pottawattamie,Carson,County Attorney,,,Write-in,3,3,0
Pottawattamie,Crescent,County Attorney,,,Write-in,10,9,1
Pottawattamie,Garner,County Attorney,,,Write-in,16,11,5
Pottawattamie,GLWCW,County Attorney,,,Write-in,4,1,3
Pottawattamie,Hancock,County Attorney,,,Write-in,2,2,0
Pottawattamie,Lewis 1,County Attorney,,,Write-in,13,11,2
Pottawattamie,Lewis 2,County Attorney,,,Write-in,10,6,4
Pottawattamie,Macedonia,County Attorney,,,Write-in,1,1,0
Pottawattamie,McClelland,County Attorney,,,Write-in,6,2,4
Pottawattamie,Minden,County Attorney,,,Write-in,3,3,0
Pottawattamie,Neola,County Attorney,,,Write-in,5,4,1
Pottawattamie,Oakland,County Attorney,,,Write-in,9,5,4
Pottawattamie,Treynor,County Attorney,,,Write-in,8,5,3
Pottawattamie,Underwood,County Attorney,,,Write-in,11,8,3
Pottawattamie,Walnut,County Attorney,,,Write-in,6,4,2
Pottawattamie,Oakland,Township Trustee Belknap,,,Bernie Bolton,63,44,19
Pottawattamie,Oakland,Township Trustee Belknap,,,Write-in,3,1,2
Pottawattamie,Oakland,Township Clerk Belknap,,,Brenda Windmuller,59,40,19
Pottawattamie,Oakland,Township Clerk Belknap,,,Write-in,2,1,1
Pottawattamie,Neola,Township Trustee Boomer,,,Aaron George,271,122,149
Pottawattamie,Neola,Township Trustee Boomer,,,Write-in,2,0,2
Pottawattamie,Neola,Township Clerk Boomer,,,Write-in,22,6,16
Pottawattamie,Carson,Township Trustee Carson,,,Write-in,8,7,1
Pottawattamie,Carson,Township Clerk Carson,,,Write-in,7,6,1
Pottawattamie,GLWCW,Township Trustee Center,,,Write-in,11,7,4
Pottawattamie,GLWCW,Township Clerk Center,,,Write-in,9,6,3
Pottawattamie,GLWCW,Township Trustee Vac Center,,,Write-in,8,3,5
Pottawattamie,Crescent,Township Trustee Crescent,,,Write-in,20,9,11
Pottawattamie,Crescent,Township Clerk Crescent,,,Write-in,15,4,11
Pottawattamie,Garner,Township Trustee Garner,,,Marlin Jenson,1250,664,586
Pottawattamie,Garner,Township Trustee Garner,,,Write-in,14,7,7
Pottawattamie,Garner,Township Clerk Garner,,,Tammy DeYeager,1234,664,570
Pottawattamie,Garner,Township Clerk Garner,,,Write-in,9,2,7
Pottawattamie,GLWCW,Township Trustee Grove,,,Karen Hotze,79,17,62
Pottawattamie,GLWCW,Township Trustee Grove,,,Write-in,0,0,0
Pottawattamie,GLWCW,Township Clerk Grove,,,Marsha Houser,72,14,58
Pottawattamie,GLWCW,Township Clerk Grove,,,Write-in,0,0,0
Pottawattamie,McClelland,Township Trustee Hardin,,,Daniel Durick,393,236,157
Pottawattamie,McClelland,Township Trustee Hardin,,,Write-in,4,3,1
Pottawattamie,McClelland,Township Clerk Hardin,,,Rex Grote,406,245,161
Pottawattamie,McClelland,Township Clerk Hardin,,,Write-in,3,3,0
Pottawattamie,Underwood,Township Trustee Hazel Dell,,,Orval McGee,560,286,274
Pottawattamie,Underwood,Township Trustee Hazel Dell,,,Write-in,5,2,3
Pottawattamie,Underwood,Township Clerk Hazel Dell,,,Judith McGee,557,286,271
Pottawattamie,Underwood,Township Clerk Hazel Dell,,,Write-in,4,4,0
Pottawattamie,Oakland,Township Trustee James,,,Rodney B. Bane,86,62,24
Pottawattamie,Oakland,Township Trustee James,,,Write-in,0,0,0
Pottawattamie,Oakland,Township Clerk James,,,LeRoy Hansen,89,65,24
Pottawattamie,Oakland,Township Clerk James,,,Write-in,0,0,0
Pottawattamie,Treynor,Township Trustee Keg Creek,,,Steve Plumb,184,117,67
Pottawattamie,Treynor,Township Trustee Keg Creek,,,Write-in,2,2,0
Pottawattamie,Treynor,Township Clerk Keg Creek,,,Jeanette Nusser,178,115,63
Pottawattamie,Treynor,Township Clerk Keg Creek,,,Write-in,0,0,0
Pottawattamie,Avoca,Township Trustee Knox,,,Duane A. Nielsen,70,58,12
Pottawattamie,Avoca,Township Trustee Knox,,,Write-in,0,0,0
Pottawattamie,Avoca,Township Clerk Knox,,,Herbert C. Rock,76,60,16
Pottawattamie,Avoca,Township Clerk Knox,,,Write-in,1,1,0
Pottawattamie,Crescent,Township Trustee Lake,,,Jack B. Holder,239,85,154
Pottawattamie,Crescent,Township Trustee Lake,,,Write-in,4,1,3
Pottawattamie,Crescent,Township Clerk Lake,,,Write-in,14,8,6
Pottawattamie,Walnut,Township Trustee Layton,,,Write-in,8,6,2
Pottawattamie,Walnut,Township Clerk Layton,,,Deb Martin,75,56,19
Pottawattamie,Walnut,Township Clerk Layton,,,Write-in,0,0,0
Pottawattamie,Lewis 1,Township Trustee Lewis,,,Jean E. Kenkel,845,461,384
Pottawattamie,Lewis 2,Township Trustee Lewis,,,Jean E. Kenkel,917,501,416
Pottawattamie,Lewis 1,Township Trustee Lewis,,,Alan Wegman,783,422,361
Pottawattamie,Lewis 2,Township Trustee Lewis,,,Alan Wegman,810,425,385
Pottawattamie,Lewis 1,Township Trustee Lewis,,,Write-in,7,7,0
Pottawattamie,Lewis 2,Township Trustee Lewis,,,Write-in,17,8,9
Pottawattamie,Lewis 1,Township Clerk Lewis,,,John C. O'Connell,904,507,397
Pottawattamie,Lewis 2,Township Clerk Lewis,,,John C. O'Connell,973,526,447
Pottawattamie,Lewis 1,Township Clerk Lewis,,,Write-in,4,2,2
Pottawattamie,Lewis 2,Township Clerk Lewis,,,Write-in,13,9,4
Pottawattamie,GLWCW,Township Trustee Lincoln,,,Write-in,11,7,4
Pottawattamie,GLWCW,Township Clerk Lincoln,,,Write-in,11,2,9
Pottawattamie,Macedonia,Township Trustee Macedonia,,,James A. Braden Jr.,47,35,12
Pottawattamie,Macedonia,Township Trustee Macedonia,,,Write-in,0,0,0
Pottawattamie,Macedonia,Township Clerk Macedonia,,,Nancy Raney,50,38,12
Pottawattamie,Macedonia,Township Clerk Macedonia,,,Write-in,0,0,0
Pottawattamie,Macedonia,Township Trustee Vac Macedonia,,,Randy Schultz,46,35,11
Pottawattamie,Macedonia,Township Trustee Vac Macedonia,,,Write-in,0,0,0
Pottawattamie,Minden,Township Trustee Minden,,,Dean Alfers,177,131,46
Pottawattamie,Minden,Township Trustee Minden,,,Write-in,0,0,0
Pottawattamie,Minden,Township Clerk Minden,,,Lori Lehan,182,132,50
Pottawattamie,Minden,Township Clerk Minden,,,Write-in,0,0,0
Pottawattamie,Neola,Township Trustee Neola,,,Dean Schnitker,149,99,50
Pottawattamie,Neola,Township Trustee Neola,,,Write-in,1,1,0
Pottawattamie,Neola,Township Clerk Neola,,,John J. Fischer,147,101,46
Pottawattamie,Neola,Township Clerk Neola,,,Write-in,0,0,0
Pottawattamie,Underwood,Township Trustee Norwalk,,,Richard Bleth,175,118,57
Pottawattamie,Underwood,Township Trustee Norwalk,,,Write-in,5,4,1
Pottawattamie,Underwood,Township Clerk Norwalk,,,Write-in,17,12,5
Pottawattamie,Avoca,Township Trustee Pleasant,,,Write-in,11,7,4
Pottawattamie,Avoca,Township Clerk Pleasant,,,Write-in,9,5,4
Pottawattamie,Crescent,Township Trustee Rockford,,,Write-in,13,3,10
Pottawattamie,Crescent,Township Clerk Rockford,,,Write-in,8,1,7
Pottawattamie,Treynor,Township Trustee Silver Creek,,,Travis Gayer,92,58,34
Pottawattamie,Treynor,Township Trustee Silver Creek,,,Write-in,1,0,1
Pottawattamie,Treynor,Township Clerk Silver Creek,,,Write-in,10,4,6
Pottawattamie,Hancock,Township Trustee Valley,,,Write-in,11,10,1
Pottawattamie,Hancock,Township Clerk Valley,,,Write-in,5,5,0
Pottawattamie,Oakland,Township Trustee Washington,,,Keith Bentley,174,115,59
Pottawattamie,Oakland,Township Trustee Washington,,,Write-in,2,2,0
Pottawattamie,Oakland,Township Clerk Washington,,,Margaret Pierce,178,117,61
Pottawattamie,Oakland,Township Clerk Washington,,,Write-in,0,0,0
Pottawattamie,GLWCW,Township Trustee Wright,,,Eugene Edward Turner,66,54,12
Pottawattamie,GLWCW,Township Trustee Wright,,,Write-in,1,0,1
Pottawattamie,GLWCW,Township Clerk Wright,,,Susan Klindt,68,52,16
Pottawattamie,GLWCW,Township Clerk Wright,,,Write-in,2,2,0
Pottawattamie,Minden,Township Trustee York,,,David D. Dau,115,68,47
Pottawattamie,Minden,Township Trustee York,,,Write-in,0,0,0
Pottawattamie,Minden,Township Clerk York,,,Brenda J. Dau,115,70,45
Pottawattamie,Minden,Township Clerk York,,,Write-in,0,0,0
Pottawattamie,CB 01,West Pott Soil & Water West Pottawattamie,,,Don Dilts,431,276,155
Pottawattamie,CB 02,West Pott Soil & Water West Pottawattamie,,,Don Dilts,641,381,260
Pottawattamie,CB 03,West Pott Soil & Water West Pottawattamie,,,Don Dilts,496,319,177
Pottawattamie,CB 04,West Pott Soil & Water West Pottawattamie,,,Don Dilts,544,298,246
Pottawattamie,CB 05,West Pott Soil & Water West Pottawattamie,,,Don Dilts,577,309,268
Pottawattamie,CB 06,West Pott Soil & Water West Pottawattamie,,,Don Dilts,818,486,332
Pottawattamie,CB 07,West Pott Soil & Water West Pottawattamie,,,Don Dilts,820,519,301
Pottawattamie,CB 08,West Pott Soil & Water West Pottawattamie,,,Don Dilts,1024,579,445
Pottawattamie,CB 09,West Pott Soil & Water West Pottawattamie,,,Don Dilts,721,359,362
Pottawattamie,CB 10A,West Pott Soil & Water West Pottawattamie,,,Don Dilts,1105,593,512
Pottawattamie,CB 10B,West Pott Soil & Water West Pottawattamie,,,Don Dilts,1043,591,452
Pottawattamie,CB 11,West Pott Soil & Water West Pottawattamie,,,Don Dilts,828,511,317
Pottawattamie,CB 12,West Pott Soil & Water West Pottawattamie,,,Don Dilts,886,483,403
Pottawattamie,CB 13,West Pott Soil & Water West Pottawattamie,,,Don Dilts,436,267,169
Pottawattamie,CB 14,West Pott Soil & Water West Pottawattamie,,,Don Dilts,453,288,165
Pottawattamie,CB 15,West Pott Soil & Water West Pottawattamie,,,Don Dilts,497,263,234
Pottawattamie,CB 16,West Pott Soil & Water West Pottawattamie,,,Don Dilts,544,307,237
Pottawattamie,CB 17,West Pott Soil & Water West Pottawattamie,,,Don Dilts,674,370,304
Pottawattamie,CB 18,West Pott Soil & Water West Pottawattamie,,,Don Dilts,624,364,260
Pottawattamie,CB 19,West Pott Soil & Water West Pottawattamie,,,Don Dilts,458,264,194
Pottawattamie,CB 20,West Pott Soil & Water West Pottawattamie,,,Don Dilts,562,363,199
Pottawattamie,CB 21,West Pott Soil & Water West Pottawattamie,,,Don Dilts,480,259,221
Pottawattamie,Carter Lake 1,West Pott Soil & Water West Pottawattamie,,,Don Dilts,393,287,106
Pottawattamie,Carter Lake 2,West Pott Soil & Water West Pottawattamie,,,Don Dilts,385,294,91
Pottawattamie,Crescent,West Pott Soil & Water West Pottawattamie,,,Don Dilts,971,573,398
Pottawattamie,Garner,West Pott Soil & Water West Pottawattamie,,,Don Dilts,1207,647,560
Pottawattamie,Lewis 1,West Pott Soil & Water West Pottawattamie,,,Don Dilts,885,501,384
Pottawattamie,Lewis 2,West Pott Soil & Water West Pottawattamie,,,Don Dilts,959,525,434
Pottawattamie,McClelland,West Pott Soil & Water West Pottawattamie,,,Don Dilts,462,298,164
Pottawattamie,Minden,West Pott Soil & Water West Pottawattamie,,,Don Dilts,480,360,120
Pottawattamie,Neola,West Pott Soil & Water West Pottawattamie,,,Don Dilts,679,440,239
Pottawattamie,Treynor,West Pott Soil & Water West Pottawattamie,,,Don Dilts,641,476,165
Pottawattamie,Underwood,West Pott Soil & Water West Pottawattamie,,,Don Dilts,1046,663,383
Pottawattamie,CB 01,West Pott Soil & Water West Pottawattamie,,,Write-in,24,18,6
Pottawattamie,CB 02,West Pott Soil & Water West Pottawattamie,,,Write-in,22,11,11
Pottawattamie,CB 03,West Pott Soil & Water West Pottawattamie,,,Write-in,8,6,2
Pottawattamie,CB 04,West Pott Soil & Water West Pottawattamie,,,Write-in,26,10,16
Pottawattamie,CB 05,West Pott Soil & Water West Pottawattamie,,,Write-in,23,14,9
Pottawattamie,CB 06,West Pott Soil & Water West Pottawattamie,,,Write-in,30,19,11
Pottawattamie,CB 07,West Pott Soil & Water West Pottawattamie,,,Write-in,43,21,22
Pottawattamie,CB 08,West Pott Soil & Water West Pottawattamie,,,Write-in,30,21,9
Pottawattamie,CB 09,West Pott Soil & Water West Pottawattamie,,,Write-in,30,16,14
Pottawattamie,CB 10A,West Pott Soil & Water West Pottawattamie,,,Write-in,46,29,17
Pottawattamie,CB 10B,West Pott Soil & Water West Pottawattamie,,,Write-in,39,28,11
Pottawattamie,CB 11,West Pott Soil & Water West Pottawattamie,,,Write-in,43,28,15
Pottawattamie,CB 12,West Pott Soil & Water West Pottawattamie,,,Write-in,36,18,18
Pottawattamie,CB 13,West Pott Soil & Water West Pottawattamie,,,Write-in,28,17,11
Pottawattamie,CB 14,West Pott Soil & Water West Pottawattamie,,,Write-in,9,4,5
Pottawattamie,CB 15,West Pott Soil & Water West Pottawattamie,,,Write-in,19,15,4
Pottawattamie,CB 16,West Pott Soil & Water West Pottawattamie,,,Write-in,25,15,10
Pottawattamie,CB 17,West Pott Soil & Water West Pottawattamie,,,Write-in,17,7,10
Pottawattamie,CB 18,West Pott Soil & Water West Pottawattamie,,,Write-in,26,14,12
Pottawattamie,CB 19,West Pott Soil & Water West Pottawattamie,,,Write-in,25,16,9
Pottawattamie,CB 20,West Pott Soil & Water West Pottawattamie,,,Write-in,25,16,9
Pottawattamie,CB 21,West Pott Soil & Water West Pottawattamie,,,Write-in,26,21,5
Pottawattamie,Carter Lake 1,West Pott Soil & Water West Pottawattamie,,,Write-in,12,5,7
Pottawattamie,Carter Lake 2,West Pott Soil & Water West Pottawattamie,,,Write-in,5,3,2
Pottawattamie,Crescent,West Pott Soil & Water West Pottawattamie,,,Write-in,47,28,19
Pottawattamie,Garner,West Pott Soil & Water West Pottawattamie,,,Write-in,34,18,16
Pottawattamie,Lewis 1,West Pott Soil & Water West Pottawattamie,,,Write-in,31,17,14
Pottawattamie,Lewis 2,West Pott Soil & Water West Pottawattamie,,,Write-in,40,18,22
Pottawattamie,McClelland,West Pott Soil & Water West Pottawattamie,,,Write-in,12,8,4
Pottawattamie,Minden,West Pott Soil & Water West Pottawattamie,,,Write-in,10,9,1
Pottawattamie,Neola,West Pott Soil & Water West Pottawattamie,,,Write-in,29,16,13
Pottawattamie,Treynor,West Pott Soil & Water West Pottawattamie,,,Write-in,31,22,9
Pottawattamie,Underwood,West Pott Soil & Water West Pottawattamie,,,Write-in,49,26,23
Pottawattamie,Avoca,East Pott Soil & Water East Pottawattamie,,,Dwight Hobson,510,380,130
Pottawattamie,Carson,East Pott Soil & Water East Pottawattamie,,,Dwight Hobson,303,245,58
Pottawattamie,GLWCW,East Pott Soil & Water East Pottawattamie,,,Dwight Hobson,315,180,135
Pottawattamie,Hancock,East Pott Soil & Water East Pottawattamie,,,Dwight Hobson,146,129,17
Pottawattamie,Macedonia,East Pott Soil & Water East Pottawattamie,,,Dwight Hobson,134,112,22
Pottawattamie,Oakland,East Pott Soil & Water East Pottawattamie,,,Dwight Hobson,720,506,214
Pottawattamie,Walnut,East Pott Soil & Water East Pottawattamie,,,Dwight Hobson,246,193,53
Pottawattamie,Avoca,East Pott Soil & Water East Pottawattamie,,,Kami Willett,583,436,147
Pottawattamie,Carson,East Pott Soil & Water East Pottawattamie,,,Kami Willett,243,195,48
Pottawattamie,GLWCW,East Pott Soil & Water East Pottawattamie,,,Kami Willett,283,164,119
Pottawattamie,Hancock,East Pott Soil & Water East Pottawattamie,,,Kami Willett,136,123,13
Pottawattamie,Macedonia,East Pott Soil & Water East Pottawattamie,,,Kami Willett,113,95,18
Pottawattamie,Oakland,East Pott Soil & Water East Pottawattamie,,,Kami Willett,614,434,180
Pottawattamie,Walnut,East Pott Soil & Water East Pottawattamie,,,Kami Willett,250,202,48
Pottawattamie,Avoca,East Pott Soil & Water East Pottawattamie,,,Write-in,7,6,1
Pottawattamie,Carson,East Pott Soil & Water East Pottawattamie,,,Write-in,2,2,0
Pottawattamie,GLWCW,East Pott Soil & Water East Pottawattamie,,,Write-in,0,0,0
Pottawattamie,Hancock,East Pott Soil & Water East Pottawattamie,,,Write-in,0,0,0
Pottawattamie,Macedonia,East Pott Soil & Water East Pottawattamie,,,Write-in,1,1,0
Pottawattamie,Oakland,East Pott Soil & Water East Pottawattamie,,,Write-in,4,2,2
Pottawattamie,Walnut,East Pott Soil & Water East Pottawattamie,,,Write-in,2,2,0
Pottawattamie,CB 01,West Pott Ag Extension West Pottawattamie,,,Michael E. Cooley,339,227,112
Pottawattamie,CB 02,West Pott Ag Extension West Pottawattamie,,,Michael E. Cooley,492,289,203
Pottawattamie,CB 03,West Pott Ag Extension West Pottawattamie,,,Michael E. Cooley,352,230,122
Pottawattamie,CB 04,West Pott Ag Extension West Pottawattamie,,,Michael E. Cooley,422,229,193
Pottawattamie,CB 05,West Pott Ag Extension West Pottawattamie,,,Michael E. Cooley,425,227,198
Pottawattamie,CB 06,West Pott Ag Extension West Pottawattamie,,,Michael E. Cooley,632,372,260
Pottawattamie,CB 07,West Pott Ag Extension West Pottawattamie,,,Michael E. Cooley,674,422,252
Pottawattamie,CB 08,West Pott Ag Extension West Pottawattamie,,,Michael E. Cooley,812,446,366
Pottawattamie,CB 09,West Pott Ag Extension West Pottawattamie,,,Michael E. Cooley,566,282,284
Pottawattamie,CB 10A,West Pott Ag Extension West Pottawattamie,,,Michael E. Cooley,869,458,411
Pottawattamie,CB 10B,West Pott Ag Extension West Pottawattamie,,,Michael E. Cooley,830,467,363
Pottawattamie,CB 11,West Pott Ag Extension West Pottawattamie,,,Michael E. Cooley,638,395,243
Pottawattamie,CB 12,West Pott Ag Extension West Pottawattamie,,,Michael E. Cooley,677,368,309
Pottawattamie,CB 13,West Pott Ag Extension West Pottawattamie,,,Michael E. Cooley,326,191,135
Pottawattamie,CB 14,West Pott Ag Extension West Pottawattamie,,,Michael E. Cooley,323,209,114
Pottawattamie,CB 15,West Pott Ag Extension West Pottawattamie,,,Michael E. Cooley,392,195,197
Pottawattamie,CB 16,West Pott Ag Extension West Pottawattamie,,,Michael E. Cooley,410,223,187
Pottawattamie,CB 17,West Pott Ag Extension West Pottawattamie,,,Michael E. Cooley,505,285,220
Pottawattamie,CB 18,West Pott Ag Extension West Pottawattamie,,,Michael E. Cooley,459,268,191
Pottawattamie,CB 19,West Pott Ag Extension West Pottawattamie,,,Michael E. Cooley,361,208,153
Pottawattamie,CB 20,West Pott Ag Extension West Pottawattamie,,,Michael E. Cooley,443,266,177
Pottawattamie,CB 21,West Pott Ag Extension West Pottawattamie,,,Michael E. Cooley,377,214,163
Pottawattamie,Carter Lake 1,West Pott Ag Extension West Pottawattamie,,,Michael E. Cooley,302,223,79
Pottawattamie,Carter Lake 2,West Pott Ag Extension West Pottawattamie,,,Michael E. Cooley,290,220,70
Pottawattamie,Crescent,West Pott Ag Extension West Pottawattamie,,,Michael E. Cooley,683,398,285
Pottawattamie,Garner,West Pott Ag Extension West Pottawattamie,,,Michael E. Cooley,882,479,403
Pottawattamie,Lewis 1,West Pott Ag Extension West Pottawattamie,,,Michael E. Cooley,717,398,319
Pottawattamie,Lewis 2,West Pott Ag Extension West Pottawattamie,,,Michael E. Cooley,770,419,351
Pottawattamie,McClelland,West Pott Ag Extension West Pottawattamie,,,Michael E. Cooley,349,220,129
Pottawattamie,Minden,West Pott Ag Extension West Pottawattamie,,,Michael E. Cooley,373,283,90
Pottawattamie,Neola,West Pott Ag Extension West Pottawattamie,,,Michael E. Cooley,507,326,181
Pottawattamie,Treynor,West Pott Ag Extension West Pottawattamie,,,Michael E. Cooley,488,370,118
Pottawattamie,Underwood,West Pott Ag Extension West Pottawattamie,,,Michael E. Cooley,755,466,289
Pottawattamie,CB 01,West Pott Ag Extension West Pottawattamie,,,Courtney Killion,319,207,112
Pottawattamie,CB 02,West Pott Ag Extension West Pottawattamie,,,Courtney Killion,474,280,194
Pottawattamie,CB 03,West Pott Ag Extension West Pottawattamie,,,Courtney Killion,366,232,134
Pottawattamie,CB 04,West Pott Ag Extension West Pottawattamie,,,Courtney Killion,413,219,194
Pottawattamie,CB 05,West Pott Ag Extension West Pottawattamie,,,Courtney Killion,410,208,202
Pottawattamie,CB 06,West Pott Ag Extension West Pottawattamie,,,Courtney Killion,636,361,275
Pottawattamie,CB 07,West Pott Ag Extension West Pottawattamie,,,Courtney Killion,667,411,256
Pottawattamie,CB 08,West Pott Ag Extension West Pottawattamie,,,Courtney Killion,808,446,362
Pottawattamie,CB 09,West Pott Ag Extension West Pottawattamie,,,Courtney Killion,574,275,299
Pottawattamie,CB 10A,West Pott Ag Extension West Pottawattamie,,,Courtney Killion,903,473,430
Pottawattamie,CB 10B,West Pott Ag Extension West Pottawattamie,,,Courtney Killion,860,480,380
Pottawattamie,CB 11,West Pott Ag Extension West Pottawattamie,,,Courtney Killion,659,401,258
Pottawattamie,CB 12,West Pott Ag Extension West Pottawattamie,,,Courtney Killion,711,383,328
Pottawattamie,CB 13,West Pott Ag Extension West Pottawattamie,,,Courtney Killion,327,193,134
Pottawattamie,CB 14,West Pott Ag Extension West Pottawattamie,,,Courtney Killion,320,208,112
Pottawattamie,CB 15,West Pott Ag Extension West Pottawattamie,,,Courtney Killion,345,170,175
Pottawattamie,CB 16,West Pott Ag Extension West Pottawattamie,,,Courtney Killion,402,215,187
Pottawattamie,CB 17,West Pott Ag Extension West Pottawattamie,,,Courtney Killion,507,280,227
Pottawattamie,CB 18,West Pott Ag Extension West Pottawattamie,,,Courtney Killion,458,264,194
Pottawattamie,CB 19,West Pott Ag Extension West Pottawattamie,,,Courtney Killion,357,196,161
Pottawattamie,CB 20,West Pott Ag Extension West Pottawattamie,,,Courtney Killion,438,267,171
Pottawattamie,CB 21,West Pott Ag Extension West Pottawattamie,,,Courtney Killion,368,204,164
Pottawattamie,Carter Lake 1,West Pott Ag Extension West Pottawattamie,,,Courtney Killion,301,209,92
Pottawattamie,Carter Lake 2,West Pott Ag Extension West Pottawattamie,,,Courtney Killion,277,208,69
Pottawattamie,Crescent,West Pott Ag Extension West Pottawattamie,,,Courtney Killion,690,396,294
Pottawattamie,Garner,West Pott Ag Extension West Pottawattamie,,,Courtney Killion,936,497,439
Pottawattamie,Lewis 1,West Pott Ag Extension West Pottawattamie,,,Courtney Killion,733,410,323
Pottawattamie,Lewis 2,West Pott Ag Extension West Pottawattamie,,,Courtney Killion,773,409,364
Pottawattamie,McClelland,West Pott Ag Extension West Pottawattamie,,,Courtney Killion,355,222,133
Pottawattamie,Minden,West Pott Ag Extension West Pottawattamie,,,Courtney Killion,380,289,91
Pottawattamie,Neola,West Pott Ag Extension West Pottawattamie,,,Courtney Killion,519,335,184
Pottawattamie,Treynor,West Pott Ag Extension West Pottawattamie,,,Courtney Killion,516,390,126
Pottawattamie,Underwood,West Pott Ag Extension West Pottawattamie,,,Courtney Killion,767,467,300
Pottawattamie,CB 01,West Pott Ag Extension West Pottawattamie,,,Joyce Murphy,317,204,113
Pottawattamie,CB 02,West Pott Ag Extension West Pottawattamie,,,Joyce Murphy,472,273,199
Pottawattamie,CB 03,West Pott Ag Extension West Pottawattamie,,,Joyce Murphy,355,227,128
Pottawattamie,CB 04,West Pott Ag Extension West Pottawattamie,,,Joyce Murphy,408,215,193
Pottawattamie,CB 05,West Pott Ag Extension West Pottawattamie,,,Joyce Murphy,423,214,209
Pottawattamie,CB 06,West Pott Ag Extension West Pottawattamie,,,Joyce Murphy,600,343,257
Pottawattamie,CB 07,West Pott Ag Extension West Pottawattamie,,,Joyce Murphy,655,405,250
Pottawattamie,CB 08,West Pott Ag Extension West Pottawattamie,,,Joyce Murphy,780,428,352
Pottawattamie,CB 09,West Pott Ag Extension West Pottawattamie,,,Joyce Murphy,558,262,296
Pottawattamie,CB 10A,West Pott Ag Extension West Pottawattamie,,,Joyce Murphy,855,439,416
Pottawattamie,CB 10B,West Pott Ag Extension West Pottawattamie,,,Joyce Murphy,813,449,364
Pottawattamie,CB 11,West Pott Ag Extension West Pottawattamie,,,Joyce Murphy,616,370,246
Pottawattamie,CB 12,West Pott Ag Extension West Pottawattamie,,,Joyce Murphy,669,363,306
Pottawattamie,CB 13,West Pott Ag Extension West Pottawattamie,,,Joyce Murphy,327,190,137
Pottawattamie,CB 14,West Pott Ag Extension West Pottawattamie,,,Joyce Murphy,337,210,127
Pottawattamie,CB 15,West Pott Ag Extension West Pottawattamie,,,Joyce Murphy,349,171,178
Pottawattamie,CB 16,West Pott Ag Extension West Pottawattamie,,,Joyce Murphy,401,210,191
Pottawattamie,CB 17,West Pott Ag Extension West Pottawattamie,,,Joyce Murphy,519,272,247
Pottawattamie,CB 18,West Pott Ag Extension West Pottawattamie,,,Joyce Murphy,446,260,186
Pottawattamie,CB 19,West Pott Ag Extension West Pottawattamie,,,Joyce Murphy,359,203,156
Pottawattamie,CB 20,West Pott Ag Extension West Pottawattamie,,,Joyce Murphy,421,251,170
Pottawattamie,CB 21,West Pott Ag Extension West Pottawattamie,,,Joyce Murphy,358,195,163
Pottawattamie,Carter Lake 1,West Pott Ag Extension West Pottawattamie,,,Joyce Murphy,289,195,94
Pottawattamie,Carter Lake 2,West Pott Ag Extension West Pottawattamie,,,Joyce Murphy,290,222,68
Pottawattamie,Crescent,West Pott Ag Extension West Pottawattamie,,,Joyce Murphy,661,383,278
Pottawattamie,Garner,West Pott Ag Extension West Pottawattamie,,,Joyce Murphy,870,456,414
Pottawattamie,Lewis 1,West Pott Ag Extension West Pottawattamie,,,Joyce Murphy,695,379,316
Pottawattamie,Lewis 2,West Pott Ag Extension West Pottawattamie,,,Joyce Murphy,763,406,357
Pottawattamie,McClelland,West Pott Ag Extension West Pottawattamie,,,Joyce Murphy,341,217,124
Pottawattamie,Minden,West Pott Ag Extension West Pottawattamie,,,Joyce Murphy,364,273,91
Pottawattamie,Neola,West Pott Ag Extension West Pottawattamie,,,Joyce Murphy,491,312,179
Pottawattamie,Treynor,West Pott Ag Extension West Pottawattamie,,,Joyce Murphy,476,361,115
Pottawattamie,Underwood,West Pott Ag Extension West Pottawattamie,,,Joyce Murphy,764,470,294
Pottawattamie,CB 01,West Pott Ag Extension West Pottawattamie,,,Melissa Peterson,330,219,111
Pottawattamie,CB 02,West Pott Ag Extension West Pottawattamie,,,Melissa Peterson,497,298,199
Pottawattamie,CB 03,West Pott Ag Extension West Pottawattamie,,,Melissa Peterson,363,230,133
Pottawattamie,CB 04,West Pott Ag Extension West Pottawattamie,,,Melissa Peterson,440,237,203
Pottawattamie,CB 05,West Pott Ag Extension West Pottawattamie,,,Melissa Peterson,428,213,215
Pottawattamie,CB 06,West Pott Ag Extension West Pottawattamie,,,Melissa Peterson,613,351,262
Pottawattamie,CB 07,West Pott Ag Extension West Pottawattamie,,,Melissa Peterson,652,406,246
Pottawattamie,CB 08,West Pott Ag Extension West Pottawattamie,,,Melissa Peterson,799,442,357
Pottawattamie,CB 09,West Pott Ag Extension West Pottawattamie,,,Melissa Peterson,550,266,284
Pottawattamie,CB 10A,West Pott Ag Extension West Pottawattamie,,,Melissa Peterson,873,457,416
Pottawattamie,CB 10B,West Pott Ag Extension West Pottawattamie,,,Melissa Peterson,824,461,363
Pottawattamie,CB 11,West Pott Ag Extension West Pottawattamie,,,Melissa Peterson,643,382,261
Pottawattamie,CB 12,West Pott Ag Extension West Pottawattamie,,,Melissa Peterson,713,382,331
Pottawattamie,CB 13,West Pott Ag Extension West Pottawattamie,,,Melissa Peterson,334,200,134
Pottawattamie,CB 14,West Pott Ag Extension West Pottawattamie,,,Melissa Peterson,343,216,127
Pottawattamie,CB 15,West Pott Ag Extension West Pottawattamie,,,Melissa Peterson,359,177,182
Pottawattamie,CB 16,West Pott Ag Extension West Pottawattamie,,,Melissa Peterson,417,217,200
Pottawattamie,CB 17,West Pott Ag Extension West Pottawattamie,,,Melissa Peterson,517,276,241
Pottawattamie,CB 18,West Pott Ag Extension West Pottawattamie,,,Melissa Peterson,480,278,202
Pottawattamie,CB 19,West Pott Ag Extension West Pottawattamie,,,Melissa Peterson,371,202,169
Pottawattamie,CB 20,West Pott Ag Extension West Pottawattamie,,,Melissa Peterson,429,261,168
Pottawattamie,CB 21,West Pott Ag Extension West Pottawattamie,,,Melissa Peterson,376,202,174
Pottawattamie,Carter Lake 1,West Pott Ag Extension West Pottawattamie,,,Melissa Peterson,295,205,90
Pottawattamie,Carter Lake 2,West Pott Ag Extension West Pottawattamie,,,Melissa Peterson,297,225,72
Pottawattamie,Crescent,West Pott Ag Extension West Pottawattamie,,,Melissa Peterson,674,388,286
Pottawattamie,Garner,West Pott Ag Extension West Pottawattamie,,,Melissa Peterson,889,467,422
Pottawattamie,Lewis 1,West Pott Ag Extension West Pottawattamie,,,Melissa Peterson,692,382,310
Pottawattamie,Lewis 2,West Pott Ag Extension West Pottawattamie,,,Melissa Peterson,773,406,367
Pottawattamie,McClelland,West Pott Ag Extension West Pottawattamie,,,Melissa Peterson,338,213,125
Pottawattamie,Minden,West Pott Ag Extension West Pottawattamie,,,Melissa Peterson,356,268,88
Pottawattamie,Neola,West Pott Ag Extension West Pottawattamie,,,Melissa Peterson,500,317,183
Pottawattamie,Treynor,West Pott Ag Extension West Pottawattamie,,,Melissa Peterson,493,372,121
Pottawattamie,Underwood,West Pott Ag Extension West Pottawattamie,,,Melissa Peterson,785,484,301
Pottawattamie,CB 01,West Pott Ag Extension West Pottawattamie,,,Juan Pizano,277,188,89
Pottawattamie,CB 02,West Pott Ag Extension West Pottawattamie,,,Juan Pizano,439,260,179
Pottawattamie,CB 03,West Pott Ag Extension West Pottawattamie,,,Juan Pizano,310,200,110
Pottawattamie,CB 04,West Pott Ag Extension West Pottawattamie,,,Juan Pizano,379,202,177
Pottawattamie,CB 05,West Pott Ag Extension West Pottawattamie,,,Juan Pizano,375,198,177
Pottawattamie,CB 06,West Pott Ag Extension West Pottawattamie,,,Juan Pizano,549,321,228
Pottawattamie,CB 07,West Pott Ag Extension West Pottawattamie,,,Juan Pizano,591,371,220
Pottawattamie,CB 08,West Pott Ag Extension West Pottawattamie,,,Juan Pizano,706,391,315
Pottawattamie,CB 09,West Pott Ag Extension West Pottawattamie,,,Juan Pizano,495,249,246
Pottawattamie,CB 10A,West Pott Ag Extension West Pottawattamie,,,Juan Pizano,761,396,365
Pottawattamie,CB 10B,West Pott Ag Extension West Pottawattamie,,,Juan Pizano,755,417,338
Pottawattamie,CB 11,West Pott Ag Extension West Pottawattamie,,,Juan Pizano,579,351,228
Pottawattamie,CB 12,West Pott Ag Extension West Pottawattamie,,,Juan Pizano,607,333,274
Pottawattamie,CB 13,West Pott Ag Extension West Pottawattamie,,,Juan Pizano,313,192,121
Pottawattamie,CB 14,West Pott Ag Extension West Pottawattamie,,,Juan Pizano,290,187,103
Pottawattamie,CB 15,West Pott Ag Extension West Pottawattamie,,,Juan Pizano,337,169,168
Pottawattamie,CB 16,West Pott Ag Extension West Pottawattamie,,,Juan Pizano,362,200,162
Pottawattamie,CB 17,West Pott Ag Extension West Pottawattamie,,,Juan Pizano,445,237,208
Pottawattamie,CB 18,West Pott Ag Extension West Pottawattamie,,,Juan Pizano,429,244,185
Pottawattamie,CB 19,West Pott Ag Extension West Pottawattamie,,,Juan Pizano,310,173,137
Pottawattamie,CB 20,West Pott Ag Extension West Pottawattamie,,,Juan Pizano,373,220,153
Pottawattamie,CB 21,West Pott Ag Extension West Pottawattamie,,,Juan Pizano,331,184,147
Pottawattamie,Carter Lake 1,West Pott Ag Extension West Pottawattamie,,,Juan Pizano,250,174,76
Pottawattamie,Carter Lake 2,West Pott Ag Extension West Pottawattamie,,,Juan Pizano,243,183,60
Pottawattamie,Crescent,West Pott Ag Extension West Pottawattamie,,,Juan Pizano,588,334,254
Pottawattamie,Garner,West Pott Ag Extension West Pottawattamie,,,Juan Pizano,786,415,371
Pottawattamie,Lewis 1,West Pott Ag Extension West Pottawattamie,,,Juan Pizano,633,349,284
Pottawattamie,Lewis 2,West Pott Ag Extension West Pottawattamie,,,Juan Pizano,692,366,326
Pottawattamie,McClelland,West Pott Ag Extension West Pottawattamie,,,Juan Pizano,290,177,113
Pottawattamie,Minden,West Pott Ag Extension West Pottawattamie,,,Juan Pizano,319,240,79
Pottawattamie,Neola,West Pott Ag Extension West Pottawattamie,,,Juan Pizano,432,273,159
Pottawattamie,Treynor,West Pott Ag Extension West Pottawattamie,,,Juan Pizano,417,310,107
Pottawattamie,Underwood,West Pott Ag Extension West Pottawattamie,,,Juan Pizano,657,398,259
Pottawattamie,CB 01,West Pott Ag Extension West Pottawattamie,,,Write-in,10,10,0
Pottawattamie,CB 02,West Pott Ag Extension West Pottawattamie,,,Write-in,14,1,13
Pottawattamie,CB 03,West Pott Ag Extension West Pottawattamie,,,Write-in,6,5,1
Pottawattamie,CB 04,West Pott Ag Extension West Pottawattamie,,,Write-in,9,5,4
Pottawattamie,CB 05,West Pott Ag Extension West Pottawattamie,,,Write-in,10,7,3
Pottawattamie,CB 06,West Pott Ag Extension West Pottawattamie,,,Write-in,13,10,3
Pottawattamie,CB 07,West Pott Ag Extension West Pottawattamie,,,Write-in,10,9,1
Pottawattamie,CB 08,West Pott Ag Extension West Pottawattamie,,,Write-in,8,6,2
Pottawattamie,CB 09,West Pott Ag Extension West Pottawattamie,,,Write-in,24,16,8
Pottawattamie,CB 10A,West Pott Ag Extension West Pottawattamie,,,Write-in,33,18,15
Pottawattamie,CB 10B,West Pott Ag Extension West Pottawattamie,,,Write-in,9,6,3
Pottawattamie,CB 11,West Pott Ag Extension West Pottawattamie,,,Write-in,28,14,14
Pottawattamie,CB 12,West Pott Ag Extension West Pottawattamie,,,Write-in,17,16,1
Pottawattamie,CB 13,West Pott Ag Extension West Pottawattamie,,,Write-in,5,2,3
Pottawattamie,CB 14,West Pott Ag Extension West Pottawattamie,,,Write-in,2,0,2
Pottawattamie,CB 15,West Pott Ag Extension West Pottawattamie,,,Write-in,17,16,1
Pottawattamie,CB 16,West Pott Ag Extension West Pottawattamie,,,Write-in,15,8,7
Pottawattamie,CB 17,West Pott Ag Extension West Pottawattamie,,,Write-in,14,5,9
Pottawattamie,CB 18,West Pott Ag Extension West Pottawattamie,,,Write-in,27,11,16
Pottawattamie,CB 19,West Pott Ag Extension West Pottawattamie,,,Write-in,19,9,10
Pottawattamie,CB 20,West Pott Ag Extension West Pottawattamie,,,Write-in,9,8,1
Pottawattamie,CB 21,West Pott Ag Extension West Pottawattamie,,,Write-in,14,13,1
Pottawattamie,Carter Lake 1,West Pott Ag Extension West Pottawattamie,,,Write-in,5,2,3
Pottawattamie,Carter Lake 2,West Pott Ag Extension West Pottawattamie,,,Write-in,1,0,1
Pottawattamie,Crescent,West Pott Ag Extension West Pottawattamie,,,Write-in,13,8,5
Pottawattamie,Garner,West Pott Ag Extension West Pottawattamie,,,Write-in,16,4,12
Pottawattamie,Lewis 1,West Pott Ag Extension West Pottawattamie,,,Write-in,12,7,5
Pottawattamie,Lewis 2,West Pott Ag Extension West Pottawattamie,,,Write-in,18,11,7
Pottawattamie,McClelland,West Pott Ag Extension West Pottawattamie,,,Write-in,4,3,1
Pottawattamie,Minden,West Pott Ag Extension West Pottawattamie,,,Write-in,2,2,0
Pottawattamie,Neola,West Pott Ag Extension West Pottawattamie,,,Write-in,12,2,10
Pottawattamie,Treynor,West Pott Ag Extension West Pottawattamie,,,Write-in,17,16,1
Pottawattamie,Underwood,West Pott Ag Extension West Pottawattamie,,,Write-in,21,13,8
Pottawattamie,Avoca,East Pott Ag Extension East Pottawattamie,,,Carrie Bane,474,357,117
Pottawattamie,Carson,East Pott Ag Extension East Pottawattamie,,,Carrie Bane,244,198,46
Pottawattamie,GLWCW,East Pott Ag Extension East Pottawattamie,,,Carrie Bane,283,164,119
Pottawattamie,Hancock,East Pott Ag Extension East Pottawattamie,,,Carrie Bane,124,110,14
Pottawattamie,Macedonia,East Pott Ag Extension East Pottawattamie,,,Carrie Bane,112,92,20
Pottawattamie,Oakland,East Pott Ag Extension East Pottawattamie,,,Carrie Bane,634,448,186
Pottawattamie,Walnut,East Pott Ag Extension East Pottawattamie,,,Carrie Bane,219,175,44
Pottawattamie,Avoca,East Pott Ag Extension East Pottawattamie,,,Connie Haines,479,357,122
Pottawattamie,Carson,East Pott Ag Extension East Pottawattamie,,,Connie Haines,267,218,49
Pottawattamie,GLWCW,East Pott Ag Extension East Pottawattamie,,,Connie Haines,280,165,115
Pottawattamie,Hancock,East Pott Ag Extension East Pottawattamie,,,Connie Haines,132,116,16
Pottawattamie,Macedonia,East Pott Ag Extension East Pottawattamie,,,Connie Haines,117,98,19
Pottawattamie,Oakland,East Pott Ag Extension East Pottawattamie,,,Connie Haines,664,469,195
Pottawattamie,Walnut,East Pott Ag Extension East Pottawattamie,,,Connie Haines,222,179,43
Pottawattamie,Avoca,East Pott Ag Extension East Pottawattamie,,,Lori L. Nisley,445,328,117
Pottawattamie,Carson,East Pott Ag Extension East Pottawattamie,,,Lori L. Nisley,238,196,42
Pottawattamie,GLWCW,East Pott Ag Extension East Pottawattamie,,,Lori L. Nisley,276,158,118
Pottawattamie,Hancock,East Pott Ag Extension East Pottawattamie,,,Lori L. Nisley,112,97,15
Pottawattamie,Macedonia,East Pott Ag Extension East Pottawattamie,,,Lori L. Nisley,107,88,19
Pottawattamie,Oakland,East Pott Ag Extension East Pottawattamie,,,Lori L. Nisley,614,423,191
Pottawattamie,Walnut,East Pott Ag Extension East Pottawattamie,,,Lori L. Nisley,207,165,42
Pottawattamie,Avoca,East Pott Ag Extension East Pottawattamie,,,Thomas J. Novotny,458,341,117
Pottawattamie,Carson,East Pott Ag Extension East Pottawattamie,,,Thomas J. Novotny,284,234,50
Pottawattamie,GLWCW,East Pott Ag Extension East Pottawattamie,,,Thomas J. Novotny,282,165,117
Pottawattamie,Hancock,East Pott Ag Extension East Pottawattamie,,,Thomas J. Novotny,115,98,17
Pottawattamie,Macedonia,East Pott Ag Extension East Pottawattamie,,,Thomas J. Novotny,128,108,20
Pottawattamie,Oakland,East Pott Ag Extension East Pottawattamie,,,Thomas J. Novotny,599,436,163
Pottawattamie,Walnut,East Pott Ag Extension East Pottawattamie,,,Thomas J. Novotny,204,164,40
Pottawattamie,Avoca,East Pott Ag Extension East Pottawattamie,,,Timothy Petersen,464,344,120
Pottawattamie,Carson,East Pott Ag Extension East Pottawattamie,,,Timothy Petersen,230,189,41
Pottawattamie,GLWCW,East Pott Ag Extension East Pottawattamie,,,Timothy Petersen,270,159,111
Pottawattamie,Hancock,East Pott Ag Extension East Pottawattamie,,,Timothy Petersen,110,97,13
Pottawattamie,Macedonia,East Pott Ag Extension East Pottawattamie,,,Timothy Petersen,107,88,19
Pottawattamie,Oakland,East Pott Ag Extension East Pottawattamie,,,Timothy Petersen,585,419,166
Pottawattamie,Walnut,East Pott Ag Extension East Pottawattamie,,,Timothy Petersen,210,171,39
Pottawattamie,Avoca,East Pott Ag Extension East Pottawattamie,,,Write-in,10,8,2
Pottawattamie,Carson,East Pott Ag Extension East Pottawattamie,,,Write-in,6,6,0
Pottawattamie,GLWCW,East Pott Ag Extension East Pottawattamie,,,Write-in,3,2,1
Pottawattamie,Hancock,East Pott Ag Extension East Pottawattamie,,,Write-in,0,0,0
Pottawattamie,Macedonia,East Pott Ag Extension East Pottawattamie,,,Write-in,2,1,1
Pottawattamie,Oakland,East Pott Ag Extension East Pottawattamie,,,Write-in,18,13,5
Pottawattamie,Walnut,East Pott Ag Extension East Pottawattamie,,,Write-in,9,9,0
Pottawattamie,CB 01,Court of Appeals Judge Anuradha Vaitheswaran,,,Yes,298,185,113
Pottawattamie,CB 02,Court of Appeals Judge Anuradha Vaitheswaran,,,Yes,505,292,213
Pottawattamie,CB 03,Court of Appeals Judge Anuradha Vaitheswaran,,,Yes,356,219,137
Pottawattamie,CB 04,Court of Appeals Judge Anuradha Vaitheswaran,,,Yes,388,200,188
Pottawattamie,CB 05,Court of Appeals Judge Anuradha Vaitheswaran,,,Yes,400,217,183
Pottawattamie,CB 06,Court of Appeals Judge Anuradha Vaitheswaran,,,Yes,583,339,244
Pottawattamie,CB 07,Court of Appeals Judge Anuradha Vaitheswaran,,,Yes,641,382,259
Pottawattamie,CB 08,Court of Appeals Judge Anuradha Vaitheswaran,,,Yes,746,417,329
Pottawattamie,CB 09,Court of Appeals Judge Anuradha Vaitheswaran,,,Yes,509,258,251
Pottawattamie,CB 10A,Court of Appeals Judge Anuradha Vaitheswaran,,,Yes,840,428,412
Pottawattamie,CB 10B,Court of Appeals Judge Anuradha Vaitheswaran,,,Yes,752,428,324
Pottawattamie,CB 11,Court of Appeals Judge Anuradha Vaitheswaran,,,Yes,609,354,255
Pottawattamie,CB 12,Court of Appeals Judge Anuradha Vaitheswaran,,,Yes,676,345,331
Pottawattamie,CB 13,Court of Appeals Judge Anuradha Vaitheswaran,,,Yes,327,196,131
Pottawattamie,CB 14,Court of Appeals Judge Anuradha Vaitheswaran,,,Yes,341,213,128
Pottawattamie,CB 15,Court of Appeals Judge Anuradha Vaitheswaran,,,Yes,396,197,199
Pottawattamie,CB 16,Court of Appeals Judge Anuradha Vaitheswaran,,,Yes,394,220,174
Pottawattamie,CB 17,Court of Appeals Judge Anuradha Vaitheswaran,,,Yes,496,259,237
Pottawattamie,CB 18,Court of Appeals Judge Anuradha Vaitheswaran,,,Yes,457,264,193
Pottawattamie,CB 19,Court of Appeals Judge Anuradha Vaitheswaran,,,Yes,368,203,165
Pottawattamie,CB 20,Court of Appeals Judge Anuradha Vaitheswaran,,,Yes,421,253,168
Pottawattamie,CB 21,Court of Appeals Judge Anuradha Vaitheswaran,,,Yes,368,205,163
Pottawattamie,Carter Lake 1,Court of Appeals Judge Anuradha Vaitheswaran,,,Yes,276,196,80
Pottawattamie,Carter Lake 2,Court of Appeals Judge Anuradha Vaitheswaran,,,Yes,260,194,66
Pottawattamie,Avoca,Court of Appeals Judge Anuradha Vaitheswaran,,,Yes,396,291,105
Pottawattamie,Carson,Court of Appeals Judge Anuradha Vaitheswaran,,,Yes,191,160,31
Pottawattamie,Crescent,Court of Appeals Judge Anuradha Vaitheswaran,,,Yes,552,325,227
Pottawattamie,Garner,Court of Appeals Judge Anuradha Vaitheswaran,,,Yes,736,417,319
Pottawattamie,GLWCW,Court of Appeals Judge Anuradha Vaitheswaran,,,Yes,177,108,69
Pottawattamie,Hancock,Court of Appeals Judge Anuradha Vaitheswaran,,,Yes,83,75,8
Pottawattamie,Lewis 1,Court of Appeals Judge Anuradha Vaitheswaran,,,Yes,586,329,257
Pottawattamie,Lewis 2,Court of Appeals Judge Anuradha Vaitheswaran,,,Yes,606,329,277
Pottawattamie,Macedonia,Court of Appeals Judge Anuradha Vaitheswaran,,,Yes,83,68,15
Pottawattamie,McClelland,Court of Appeals Judge Anuradha Vaitheswaran,,,Yes,245,154,91
Pottawattamie,Minden,Court of Appeals Judge Anuradha Vaitheswaran,,,Yes,303,225,78
Pottawattamie,Neola,Court of Appeals Judge Anuradha Vaitheswaran,,,Yes,396,249,147
Pottawattamie,Oakland,Court of Appeals Judge Anuradha Vaitheswaran,,,Yes,453,329,124
Pottawattamie,Treynor,Court of Appeals Judge Anuradha Vaitheswaran,,,Yes,358,272,86
Pottawattamie,Underwood,Court of Appeals Judge Anuradha Vaitheswaran,,,Yes,573,356,217
Pottawattamie,Walnut,Court of Appeals Judge Anuradha Vaitheswaran,,,Yes,166,130,36
Pottawattamie,CB 01,Court of Appeals Judge Anuradha Vaitheswaran,,,No,180,120,60
Pottawattamie,CB 02,Court of Appeals Judge Anuradha Vaitheswaran,,,No,212,129,83
Pottawattamie,CB 03,Court of Appeals Judge Anuradha Vaitheswaran,,,No,199,129,70
Pottawattamie,CB 04,Court of Appeals Judge Anuradha Vaitheswaran,,,No,191,112,79
Pottawattamie,CB 05,Court of Appeals Judge Anuradha Vaitheswaran,,,No,218,118,100
Pottawattamie,CB 06,Court of Appeals Judge Anuradha Vaitheswaran,,,No,296,169,127
Pottawattamie,CB 07,Court of Appeals Judge Anuradha Vaitheswaran,,,No,272,172,100
Pottawattamie,CB 08,Court of Appeals Judge Anuradha Vaitheswaran,,,No,356,197,159
Pottawattamie,CB 09,Court of Appeals Judge Anuradha Vaitheswaran,,,No,251,113,138
Pottawattamie,CB 10A,Court of Appeals Judge Anuradha Vaitheswaran,,,No,344,185,159
Pottawattamie,CB 10B,Court of Appeals Judge Anuradha Vaitheswaran,,,No,314,189,125
Pottawattamie,CB 11,Court of Appeals Judge Anuradha Vaitheswaran,,,No,276,188,88
Pottawattamie,CB 12,Court of Appeals Judge Anuradha Vaitheswaran,,,No,256,161,95
Pottawattamie,CB 13,Court of Appeals Judge Anuradha Vaitheswaran,,,No,137,80,57
Pottawattamie,CB 14,Court of Appeals Judge Anuradha Vaitheswaran,,,No,128,83,45
Pottawattamie,CB 15,Court of Appeals Judge Anuradha Vaitheswaran,,,No,155,89,66
Pottawattamie,CB 16,Court of Appeals Judge Anuradha Vaitheswaran,,,No,192,106,86
Pottawattamie,CB 17,Court of Appeals Judge Anuradha Vaitheswaran,,,No,236,134,102
Pottawattamie,CB 18,Court of Appeals Judge Anuradha Vaitheswaran,,,No,242,140,102
Pottawattamie,CB 19,Court of Appeals Judge Anuradha Vaitheswaran,,,No,145,87,58
Pottawattamie,CB 20,Court of Appeals Judge Anuradha Vaitheswaran,,,No,203,141,62
Pottawattamie,CB 21,Court of Appeals Judge Anuradha Vaitheswaran,,,No,167,86,81
Pottawattamie,Carter Lake 1,Court of Appeals Judge Anuradha Vaitheswaran,,,No,171,125,46
Pottawattamie,Carter Lake 2,Court of Appeals Judge Anuradha Vaitheswaran,,,No,179,138,41
Pottawattamie,Avoca,Court of Appeals Judge Anuradha Vaitheswaran,,,No,205,156,49
Pottawattamie,Carson,Court of Appeals Judge Anuradha Vaitheswaran,,,No,108,81,27
Pottawattamie,Crescent,Court of Appeals Judge Anuradha Vaitheswaran,,,No,405,236,169
Pottawattamie,Garner,Court of Appeals Judge Anuradha Vaitheswaran,,,No,456,212,244
Pottawattamie,GLWCW,Court of Appeals Judge Anuradha Vaitheswaran,,,No,122,82,40
Pottawattamie,Hancock,Court of Appeals Judge Anuradha Vaitheswaran,,,No,61,53,8
Pottawattamie,Lewis 1,Court of Appeals Judge Anuradha Vaitheswaran,,,No,301,161,140
Pottawattamie,Lewis 2,Court of Appeals Judge Anuradha Vaitheswaran,,,No,364,191,173
Pottawattamie,Macedonia,Court of Appeals Judge Anuradha Vaitheswaran,,,No,46,41,5
Pottawattamie,McClelland,Court of Appeals Judge Anuradha Vaitheswaran,,,No,195,128,67
Pottawattamie,Minden,Court of Appeals Judge Anuradha Vaitheswaran,,,No,162,126,36
Pottawattamie,Neola,Court of Appeals Judge Anuradha Vaitheswaran,,,No,265,155,110
Pottawattamie,Oakland,Court of Appeals Judge Anuradha Vaitheswaran,,,No,237,174,63
Pottawattamie,Treynor,Court of Appeals Judge Anuradha Vaitheswaran,,,No,263,196,67
Pottawattamie,Underwood,Court of Appeals Judge Anuradha Vaitheswaran,,,No,409,254,155
Pottawattamie,Walnut,Court of Appeals Judge Anuradha Vaitheswaran,,,No,98,83,15
Pottawattamie,CB 01,Court of Appeals Judge Michael R. Mullins,,,Yes,325,210,115
Pottawattamie,CB 02,Court of Appeals Judge Michael R. Mullins,,,Yes,519,300,219
Pottawattamie,CB 03,Court of Appeals Judge Michael R. Mullins,,,Yes,395,247,148
Pottawattamie,CB 04,Court of Appeals Judge Michael R. Mullins,,,Yes,412,217,195
Pottawattamie,CB 05,Court of Appeals Judge Michael R. Mullins,,,Yes,426,230,196
Pottawattamie,CB 06,Court of Appeals Judge Michael R. Mullins,,,Yes,621,359,262
Pottawattamie,CB 07,Court of Appeals Judge Michael R. Mullins,,,Yes,655,403,252
Pottawattamie,CB 08,Court of Appeals Judge Michael R. Mullins,,,Yes,790,435,355
Pottawattamie,CB 09,Court of Appeals Judge Michael R. Mullins,,,Yes,529,271,258
Pottawattamie,CB 10A,Court of Appeals Judge Michael R. Mullins,,,Yes,863,442,421
Pottawattamie,CB 10B,Court of Appeals Judge Michael R. Mullins,,,Yes,812,459,353
Pottawattamie,CB 11,Court of Appeals Judge Michael R. Mullins,,,Yes,622,357,265
Pottawattamie,CB 12,Court of Appeals Judge Michael R. Mullins,,,Yes,709,375,334
Pottawattamie,CB 13,Court of Appeals Judge Michael R. Mullins,,,Yes,324,196,128
Pottawattamie,CB 14,Court of Appeals Judge Michael R. Mullins,,,Yes,359,221,138
Pottawattamie,CB 15,Court of Appeals Judge Michael R. Mullins,,,Yes,404,211,193
Pottawattamie,CB 16,Court of Appeals Judge Michael R. Mullins,,,Yes,428,238,190
Pottawattamie,CB 17,Court of Appeals Judge Michael R. Mullins,,,Yes,533,295,238
Pottawattamie,CB 18,Court of Appeals Judge Michael R. Mullins,,,Yes,495,286,209
Pottawattamie,CB 19,Court of Appeals Judge Michael R. Mullins,,,Yes,380,215,165
Pottawattamie,CB 20,Court of Appeals Judge Michael R. Mullins,,,Yes,449,271,178
Pottawattamie,CB 21,Court of Appeals Judge Michael R. Mullins,,,Yes,384,224,160
Pottawattamie,Carter Lake 1,Court of Appeals Judge Michael R. Mullins,,,Yes,290,213,77
Pottawattamie,Carter Lake 2,Court of Appeals Judge Michael R. Mullins,,,Yes,292,214,78
Pottawattamie,Avoca,Court of Appeals Judge Michael R. Mullins,,,Yes,431,320,111
Pottawattamie,Carson,Court of Appeals Judge Michael R. Mullins,,,Yes,200,168,32
Pottawattamie,Crescent,Court of Appeals Judge Michael R. Mullins,,,Yes,610,358,252
Pottawattamie,Garner,Court of Appeals Judge Michael R. Mullins,,,Yes,827,464,363
Pottawattamie,GLWCW,Court of Appeals Judge Michael R. Mullins,,,Yes,208,126,82
Pottawattamie,Hancock,Court of Appeals Judge Michael R. Mullins,,,Yes,96,86,10
Pottawattamie,Lewis 1,Court of Appeals Judge Michael R. Mullins,,,Yes,648,365,283
Pottawattamie,Lewis 2,Court of Appeals Judge Michael R. Mullins,,,Yes,685,373,312
Pottawattamie,Macedonia,Court of Appeals Judge Michael R. Mullins,,,Yes,86,72,14
Pottawattamie,McClelland,Court of Appeals Judge Michael R. Mullins,,,Yes,288,177,111
Pottawattamie,Minden,Court of Appeals Judge Michael R. Mullins,,,Yes,339,249,90
Pottawattamie,Neola,Court of Appeals Judge Michael R. Mullins,,,Yes,470,283,187
Pottawattamie,Oakland,Court of Appeals Judge Michael R. Mullins,,,Yes,500,360,140
Pottawattamie,Treynor,Court of Appeals Judge Michael R. Mullins,,,Yes,407,308,99
Pottawattamie,Underwood,Court of Appeals Judge Michael R. Mullins,,,Yes,690,433,257
Pottawattamie,Walnut,Court of Appeals Judge Michael R. Mullins,,,Yes,185,147,38
Pottawattamie,CB 01,Court of Appeals Judge Michael R. Mullins,,,No,144,89,55
Pottawattamie,CB 02,Court of Appeals Judge Michael R. Mullins,,,No,198,118,80
Pottawattamie,CB 03,Court of Appeals Judge Michael R. Mullins,,,No,155,103,52
Pottawattamie,CB 04,Court of Appeals Judge Michael R. Mullins,,,No,173,95,78
Pottawattamie,CB 05,Court of Appeals Judge Michael R. Mullins,,,No,188,103,85
Pottawattamie,CB 06,Court of Appeals Judge Michael R. Mullins,,,No,264,149,115
Pottawattamie,CB 07,Court of Appeals Judge Michael R. Mullins,,,No,249,148,101
Pottawattamie,CB 08,Court of Appeals Judge Michael R. Mullins,,,No,310,178,132
Pottawattamie,CB 09,Court of Appeals Judge Michael R. Mullins,,,No,224,99,125
Pottawattamie,CB 10A,Court of Appeals Judge Michael R. Mullins,,,No,314,166,148
Pottawattamie,CB 10B,Court of Appeals Judge Michael R. Mullins,,,No,251,155,96
Pottawattamie,CB 11,Court of Appeals Judge Michael R. Mullins,,,No,257,179,78
Pottawattamie,CB 12,Court of Appeals Judge Michael R. Mullins,,,No,228,136,92
Pottawattamie,CB 13,Court of Appeals Judge Michael R. Mullins,,,No,136,77,59
Pottawattamie,CB 14,Court of Appeals Judge Michael R. Mullins,,,No,107,72,35
Pottawattamie,CB 15,Court of Appeals Judge Michael R. Mullins,,,No,139,74,65
Pottawattamie,CB 16,Court of Appeals Judge Michael R. Mullins,,,No,159,91,68
Pottawattamie,CB 17,Court of Appeals Judge Michael R. Mullins,,,No,195,98,97
Pottawattamie,CB 18,Court of Appeals Judge Michael R. Mullins,,,No,197,114,83
Pottawattamie,CB 19,Court of Appeals Judge Michael R. Mullins,,,No,124,71,53
Pottawattamie,CB 20,Court of Appeals Judge Michael R. Mullins,,,No,166,119,47
Pottawattamie,CB 21,Court of Appeals Judge Michael R. Mullins,,,No,153,71,82
Pottawattamie,Carter Lake 1,Court of Appeals Judge Michael R. Mullins,,,No,150,103,47
Pottawattamie,Carter Lake 2,Court of Appeals Judge Michael R. Mullins,,,No,143,115,28
Pottawattamie,Avoca,Court of Appeals Judge Michael R. Mullins,,,No,162,123,39
Pottawattamie,Carson,Court of Appeals Judge Michael R. Mullins,,,No,97,73,24
Pottawattamie,Crescent,Court of Appeals Judge Michael R. Mullins,,,No,335,196,139
Pottawattamie,Garner,Court of Appeals Judge Michael R. Mullins,,,No,375,175,200
Pottawattamie,GLWCW,Court of Appeals Judge Michael R. Mullins,,,No,94,66,28
Pottawattamie,Hancock,Court of Appeals Judge Michael R. Mullins,,,No,47,41,6
Pottawattamie,Lewis 1,Court of Appeals Judge Michael R. Mullins,,,No,229,125,104
Pottawattamie,Lewis 2,Court of Appeals Judge Michael R. Mullins,,,No,286,144,142
Pottawattamie,Macedonia,Court of Appeals Judge Michael R. Mullins,,,No,43,37,6
Pottawattamie,McClelland,Court of Appeals Judge Michael R. Mullins,,,No,154,106,48
Pottawattamie,Minden,Court of Appeals Judge Michael R. Mullins,,,No,129,104,25
Pottawattamie,Neola,Court of Appeals Judge Michael R. Mullins,,,No,193,124,69
Pottawattamie,Oakland,Court of Appeals Judge Michael R. Mullins,,,No,192,143,49
Pottawattamie,Treynor,Court of Appeals Judge Michael R. Mullins,,,No,211,156,55
Pottawattamie,Underwood,Court of Appeals Judge Michael R. Mullins,,,No,305,179,126
Pottawattamie,Walnut,Court of Appeals Judge Michael R. Mullins,,,No,80,66,14
Pottawattamie,CB 01,Court of Appeals Judge Mary Ellen Tabor,,,Yes,348,212,136
Pottawattamie,CB 02,Court of Appeals Judge Mary Ellen Tabor,,,Yes,528,303,225
Pottawattamie,CB 03,Court of Appeals Judge Mary Ellen Tabor,,,Yes,408,255,153
Pottawattamie,CB 04,Court of Appeals Judge Mary Ellen Tabor,,,Yes,435,228,207
Pottawattamie,CB 05,Court of Appeals Judge Mary Ellen Tabor,,,Yes,459,239,220
Pottawattamie,CB 06,Court of Appeals Judge Mary Ellen Tabor,,,Yes,640,366,274
Pottawattamie,CB 07,Court of Appeals Judge Mary Ellen Tabor,,,Yes,675,407,268
Pottawattamie,CB 08,Court of Appeals Judge Mary Ellen Tabor,,,Yes,803,445,358
Pottawattamie,CB 09,Court of Appeals Judge Mary Ellen Tabor,,,Yes,550,267,283
Pottawattamie,CB 10A,Court of Appeals Judge Mary Ellen Tabor,,,Yes,890,453,437
Pottawattamie,CB 10B,Court of Appeals Judge Mary Ellen Tabor,,,Yes,805,458,347
Pottawattamie,CB 11,Court of Appeals Judge Mary Ellen Tabor,,,Yes,662,376,286
Pottawattamie,CB 12,Court of Appeals Judge Mary Ellen Tabor,,,Yes,737,381,356
Pottawattamie,CB 13,Court of Appeals Judge Mary Ellen Tabor,,,Yes,367,217,150
Pottawattamie,CB 14,Court of Appeals Judge Mary Ellen Tabor,,,Yes,380,237,143
Pottawattamie,CB 15,Court of Appeals Judge Mary Ellen Tabor,,,Yes,439,222,217
Pottawattamie,CB 16,Court of Appeals Judge Mary Ellen Tabor,,,Yes,435,242,193
Pottawattamie,CB 17,Court of Appeals Judge Mary Ellen Tabor,,,Yes,563,307,256
Pottawattamie,CB 18,Court of Appeals Judge Mary Ellen Tabor,,,Yes,516,299,217
Pottawattamie,CB 19,Court of Appeals Judge Mary Ellen Tabor,,,Yes,409,229,180
Pottawattamie,CB 20,Court of Appeals Judge Mary Ellen Tabor,,,Yes,472,287,185
Pottawattamie,CB 21,Court of Appeals Judge Mary Ellen Tabor,,,Yes,415,232,183
Pottawattamie,Carter Lake 1,Court of Appeals Judge Mary Ellen Tabor,,,Yes,314,223,91
Pottawattamie,Carter Lake 2,Court of Appeals Judge Mary Ellen Tabor,,,Yes,301,223,78
Pottawattamie,Avoca,Court of Appeals Judge Mary Ellen Tabor,,,Yes,442,323,119
Pottawattamie,Carson,Court of Appeals Judge Mary Ellen Tabor,,,Yes,211,175,36
Pottawattamie,Crescent,Court of Appeals Judge Mary Ellen Tabor,,,Yes,624,371,253
Pottawattamie,Garner,Court of Appeals Judge Mary Ellen Tabor,,,Yes,854,474,380
Pottawattamie,GLWCW,Court of Appeals Judge Mary Ellen Tabor,,,Yes,201,118,83
Pottawattamie,Hancock,Court of Appeals Judge Mary Ellen Tabor,,,Yes,101,88,13
Pottawattamie,Lewis 1,Court of Appeals Judge Mary Ellen Tabor,,,Yes,658,370,288
Pottawattamie,Lewis 2,Court of Appeals Judge Mary Ellen Tabor,,,Yes,672,363,309
Pottawattamie,Macedonia,Court of Appeals Judge Mary Ellen Tabor,,,Yes,92,77,15
Pottawattamie,McClelland,Court of Appeals Judge Mary Ellen Tabor,,,Yes,273,167,106
Pottawattamie,Minden,Court of Appeals Judge Mary Ellen Tabor,,,Yes,335,243,92
Pottawattamie,Neola,Court of Appeals Judge Mary Ellen Tabor,,,Yes,446,280,166
Pottawattamie,Oakland,Court of Appeals Judge Mary Ellen Tabor,,,Yes,495,353,142
Pottawattamie,Treynor,Court of Appeals Judge Mary Ellen Tabor,,,Yes,390,298,92
Pottawattamie,Underwood,Court of Appeals Judge Mary Ellen Tabor,,,Yes,667,419,248
Pottawattamie,Walnut,Court of Appeals Judge Mary Ellen Tabor,,,Yes,178,140,38
Pottawattamie,CB 01,Court of Appeals Judge Mary Ellen Tabor,,,No,128,91,37
Pottawattamie,CB 02,Court of Appeals Judge Mary Ellen Tabor,,,No,188,117,71
Pottawattamie,CB 03,Court of Appeals Judge Mary Ellen Tabor,,,No,144,93,51
Pottawattamie,CB 04,Court of Appeals Judge Mary Ellen Tabor,,,No,150,85,65
Pottawattamie,CB 05,Court of Appeals Judge Mary Ellen Tabor,,,No,162,92,70
Pottawattamie,CB 06,Court of Appeals Judge Mary Ellen Tabor,,,No,246,141,105
Pottawattamie,CB 07,Court of Appeals Judge Mary Ellen Tabor,,,No,233,147,86
Pottawattamie,CB 08,Court of Appeals Judge Mary Ellen Tabor,,,No,295,168,127
Pottawattamie,CB 09,Court of Appeals Judge Mary Ellen Tabor,,,No,205,101,104
Pottawattamie,CB 10A,Court of Appeals Judge Mary Ellen Tabor,,,No,292,157,135
Pottawattamie,CB 10B,Court of Appeals Judge Mary Ellen Tabor,,,No,264,160,104
Pottawattamie,CB 11,Court of Appeals Judge Mary Ellen Tabor,,,No,229,166,63
Pottawattamie,CB 12,Court of Appeals Judge Mary Ellen Tabor,,,No,210,131,79
Pottawattamie,CB 13,Court of Appeals Judge Mary Ellen Tabor,,,No,100,59,41
Pottawattamie,CB 14,Court of Appeals Judge Mary Ellen Tabor,,,No,95,62,33
Pottawattamie,CB 15,Court of Appeals Judge Mary Ellen Tabor,,,No,110,61,49
Pottawattamie,CB 16,Court of Appeals Judge Mary Ellen Tabor,,,No,151,87,64
Pottawattamie,CB 17,Court of Appeals Judge Mary Ellen Tabor,,,No,175,88,87
Pottawattamie,CB 18,Court of Appeals Judge Mary Ellen Tabor,,,No,184,105,79
Pottawattamie,CB 19,Court of Appeals Judge Mary Ellen Tabor,,,No,102,59,43
Pottawattamie,CB 20,Court of Appeals Judge Mary Ellen Tabor,,,No,157,111,46
Pottawattamie,CB 21,Court of Appeals Judge Mary Ellen Tabor,,,No,126,64,62
Pottawattamie,Carter Lake 1,Court of Appeals Judge Mary Ellen Tabor,,,No,141,102,39
Pottawattamie,Carter Lake 2,Court of Appeals Judge Mary Ellen Tabor,,,No,136,109,27
Pottawattamie,Avoca,Court of Appeals Judge Mary Ellen Tabor,,,No,158,123,35
Pottawattamie,Carson,Court of Appeals Judge Mary Ellen Tabor,,,No,86,64,22
Pottawattamie,Crescent,Court of Appeals Judge Mary Ellen Tabor,,,No,320,182,138
Pottawattamie,Garner,Court of Appeals Judge Mary Ellen Tabor,,,No,360,170,190
Pottawattamie,GLWCW,Court of Appeals Judge Mary Ellen Tabor,,,No,103,73,30
Pottawattamie,Hancock,Court of Appeals Judge Mary Ellen Tabor,,,No,43,39,4
Pottawattamie,Lewis 1,Court of Appeals Judge Mary Ellen Tabor,,,No,227,123,104
Pottawattamie,Lewis 2,Court of Appeals Judge Mary Ellen Tabor,,,No,301,156,145
Pottawattamie,Macedonia,Court of Appeals Judge Mary Ellen Tabor,,,No,37,32,5
Pottawattamie,McClelland,Court of Appeals Judge Mary Ellen Tabor,,,No,170,115,55
Pottawattamie,Minden,Court of Appeals Judge Mary Ellen Tabor,,,No,135,110,25
Pottawattamie,Neola,Court of Appeals Judge Mary Ellen Tabor,,,No,223,129,94
Pottawattamie,Oakland,Court of Appeals Judge Mary Ellen Tabor,,,No,191,144,47
Pottawattamie,Treynor,Court of Appeals Judge Mary Ellen Tabor,,,No,223,163,60
Pottawattamie,Underwood,Court of Appeals Judge Mary Ellen Tabor,,,No,326,196,130
Pottawattamie,Walnut,Court of Appeals Judge Mary Ellen Tabor,,,No,87,73,14
Pottawattamie,CB 01,District 4 District Judge Greg W. Steensland,,,Yes,342,212,130
Pottawattamie,CB 02,District 4 District Judge Greg W. Steensland,,,Yes,524,306,218
Pottawattamie,CB 03,District 4 District Judge Greg W. Steensland,,,Yes,407,255,152
Pottawattamie,CB 04,District 4 District Judge Greg W. Steensland,,,Yes,416,225,191
Pottawattamie,CB 05,District 4 District Judge Greg W. Steensland,,,Yes,445,239,206
Pottawattamie,CB 06,District 4 District Judge Greg W. Steensland,,,Yes,656,382,274
Pottawattamie,CB 07,District 4 District Judge Greg W. Steensland,,,Yes,666,410,256
Pottawattamie,CB 08,District 4 District Judge Greg W. Steensland,,,Yes,822,460,362
Pottawattamie,CB 09,District 4 District Judge Greg W. Steensland,,,Yes,559,278,281
Pottawattamie,CB 10A,District 4 District Judge Greg W. Steensland,,,Yes,895,459,436
Pottawattamie,CB 10B,District 4 District Judge Greg W. Steensland,,,Yes,842,473,369
Pottawattamie,CB 11,District 4 District Judge Greg W. Steensland,,,Yes,664,378,286
Pottawattamie,CB 12,District 4 District Judge Greg W. Steensland,,,Yes,748,391,357
Pottawattamie,CB 13,District 4 District Judge Greg W. Steensland,,,Yes,343,208,135
Pottawattamie,CB 14,District 4 District Judge Greg W. Steensland,,,Yes,359,224,135
Pottawattamie,CB 15,District 4 District Judge Greg W. Steensland,,,Yes,423,220,203
Pottawattamie,CB 16,District 4 District Judge Greg W. Steensland,,,Yes,427,238,189
Pottawattamie,CB 17,District 4 District Judge Greg W. Steensland,,,Yes,529,292,237
Pottawattamie,CB 18,District 4 District Judge Greg W. Steensland,,,Yes,505,295,210
Pottawattamie,CB 19,District 4 District Judge Greg W. Steensland,,,Yes,398,232,166
Pottawattamie,CB 20,District 4 District Judge Greg W. Steensland,,,Yes,458,277,181
Pottawattamie,CB 21,District 4 District Judge Greg W. Steensland,,,Yes,396,225,171
Pottawattamie,Carter Lake 1,District 4 District Judge Greg W. Steensland,,,Yes,296,218,78
Pottawattamie,Carter Lake 2,District 4 District Judge Greg W. Steensland,,,Yes,288,214,74
Pottawattamie,Avoca,District 4 District Judge Greg W. Steensland,,,Yes,455,337,118
Pottawattamie,Carson,District 4 District Judge Greg W. Steensland,,,Yes,214,178,36
Pottawattamie,Crescent,District 4 District Judge Greg W. Steensland,,,Yes,650,377,273
Pottawattamie,Garner,District 4 District Judge Greg W. Steensland,,,Yes,876,495,381
Pottawattamie,GLWCW,District 4 District Judge Greg W. Steensland,,,Yes,203,122,81
Pottawattamie,Hancock,District 4 District Judge Greg W. Steensland,,,Yes,102,90,12
Pottawattamie,Lewis 1,District 4 District Judge Greg W. Steensland,,,Yes,677,381,296
Pottawattamie,Lewis 2,District 4 District Judge Greg W. Steensland,,,Yes,695,373,322
Pottawattamie,Macedonia,District 4 District Judge Greg W. Steensland,,,Yes,93,78,15
Pottawattamie,McClelland,District 4 District Judge Greg W. Steensland,,,Yes,288,185,103
Pottawattamie,Minden,District 4 District Judge Greg W. Steensland,,,Yes,347,250,97
Pottawattamie,Neola,District 4 District Judge Greg W. Steensland,,,Yes,485,306,179
Pottawattamie,Oakland,District 4 District Judge Greg W. Steensland,,,Yes,508,367,141
Pottawattamie,Treynor,District 4 District Judge Greg W. Steensland,,,Yes,410,321,89
Pottawattamie,Underwood,District 4 District Judge Greg W. Steensland,,,Yes,698,442,256
Pottawattamie,Walnut,District 4 District Judge Greg W. Steensland,,,Yes,182,145,37
Pottawattamie,CB 01,District 4 District Judge Greg W. Steensland,,,No,139,98,41
Pottawattamie,CB 02,District 4 District Judge Greg W. Steensland,,,No,196,114,82
Pottawattamie,CB 03,District 4 District Judge Greg W. Steensland,,,No,163,102,61
Pottawattamie,CB 04,District 4 District Judge Greg W. Steensland,,,No,182,93,89
Pottawattamie,CB 05,District 4 District Judge Greg W. Steensland,,,No,188,102,86
Pottawattamie,CB 06,District 4 District Judge Greg W. Steensland,,,No,261,140,121
Pottawattamie,CB 07,District 4 District Judge Greg W. Steensland,,,No,257,153,104
Pottawattamie,CB 08,District 4 District Judge Greg W. Steensland,,,No,311,166,145
Pottawattamie,CB 09,District 4 District Judge Greg W. Steensland,,,No,228,105,123
Pottawattamie,CB 10A,District 4 District Judge Greg W. Steensland,,,No,325,171,154
Pottawattamie,CB 10B,District 4 District Judge Greg W. Steensland,,,No,275,164,111
Pottawattamie,CB 11,District 4 District Judge Greg W. Steensland,,,No,256,181,75
Pottawattamie,CB 12,District 4 District Judge Greg W. Steensland,,,No,219,129,90
Pottawattamie,CB 13,District 4 District Judge Greg W. Steensland,,,No,131,76,55
Pottawattamie,CB 14,District 4 District Judge Greg W. Steensland,,,No,119,76,43
Pottawattamie,CB 15,District 4 District Judge Greg W. Steensland,,,No,135,70,65
Pottawattamie,CB 16,District 4 District Judge Greg W. Steensland,,,No,163,93,70
Pottawattamie,CB 17,District 4 District Judge Greg W. Steensland,,,No,216,111,105
Pottawattamie,CB 18,District 4 District Judge Greg W. Steensland,,,No,206,114,92
Pottawattamie,CB 19,District 4 District Judge Greg W. Steensland,,,No,121,63,58
Pottawattamie,CB 20,District 4 District Judge Greg W. Steensland,,,No,179,124,55
Pottawattamie,CB 21,District 4 District Judge Greg W. Steensland,,,No,150,74,76
Pottawattamie,Carter Lake 1,District 4 District Judge Greg W. Steensland,,,No,154,103,51
Pottawattamie,Carter Lake 2,District 4 District Judge Greg W. Steensland,,,No,152,120,32
Pottawattamie,Avoca,District 4 District Judge Greg W. Steensland,,,No,155,118,37
Pottawattamie,Carson,District 4 District Judge Greg W. Steensland,,,No,95,73,22
Pottawattamie,Crescent,District 4 District Judge Greg W. Steensland,,,No,338,194,144
Pottawattamie,Garner,District 4 District Judge Greg W. Steensland,,,No,384,173,211
Pottawattamie,GLWCW,District 4 District Judge Greg W. Steensland,,,No,104,73,31
Pottawattamie,Hancock,District 4 District Judge Greg W. Steensland,,,No,46,42,4
Pottawattamie,Lewis 1,District 4 District Judge Greg W. Steensland,,,No,239,128,111
Pottawattamie,Lewis 2,District 4 District Judge Greg W. Steensland,,,No,326,172,154
Pottawattamie,Macedonia,District 4 District Judge Greg W. Steensland,,,No,41,36,5
Pottawattamie,McClelland,District 4 District Judge Greg W. Steensland,,,No,163,101,62
Pottawattamie,Minden,District 4 District Judge Greg W. Steensland,,,No,139,110,29
Pottawattamie,Neola,District 4 District Judge Greg W. Steensland,,,No,215,125,90
Pottawattamie,Oakland,District 4 District Judge Greg W. Steensland,,,No,195,143,52
Pottawattamie,Treynor,District 4 District Judge Greg W. Steensland,,,No,225,159,66
Pottawattamie,Underwood,District 4 District Judge Greg W. Steensland,,,No,323,189,134
Pottawattamie,Walnut,District 4 District Judge Greg W. Steensland,,,No,87,72,15
Pottawattamie,CB 01,District 4 District Associate Judge Amy L. Zacharias,,,Yes,363,224,139
Pottawattamie,CB 02,District 4 District Associate Judge Amy L. Zacharias,,,Yes,545,320,225
Pottawattamie,CB 03,District 4 District Associate Judge Amy L. Zacharias,,,Yes,431,266,165
Pottawattamie,CB 04,District 4 District Associate Judge Amy L. Zacharias,,,Yes,457,233,224
Pottawattamie,CB 05,District 4 District Associate Judge Amy L. Zacharias,,,Yes,483,249,234
Pottawattamie,CB 06,District 4 District Associate Judge Amy L. Zacharias,,,Yes,683,395,288
Pottawattamie,CB 07,District 4 District Associate Judge Amy L. Zacharias,,,Yes,720,430,290
Pottawattamie,CB 08,District 4 District Associate Judge Amy L. Zacharias,,,Yes,866,474,392
Pottawattamie,CB 09,District 4 District Associate Judge Amy L. Zacharias,,,Yes,585,284,301
Pottawattamie,CB 10A,District 4 District Associate Judge Amy L. Zacharias,,,Yes,940,477,463
Pottawattamie,CB 10B,District 4 District Associate Judge Amy L. Zacharias,,,Yes,882,490,392
Pottawattamie,CB 11,District 4 District Associate Judge Amy L. Zacharias,,,Yes,726,416,310
Pottawattamie,CB 12,District 4 District Associate Judge Amy L. Zacharias,,,Yes,773,399,374
Pottawattamie,CB 13,District 4 District Associate Judge Amy L. Zacharias,,,Yes,374,220,154
Pottawattamie,CB 14,District 4 District Associate Judge Amy L. Zacharias,,,Yes,386,241,145
Pottawattamie,CB 15,District 4 District Associate Judge Amy L. Zacharias,,,Yes,454,234,220
Pottawattamie,CB 16,District 4 District Associate Judge Amy L. Zacharias,,,Yes,458,257,201
Pottawattamie,CB 17,District 4 District Associate Judge Amy L. Zacharias,,,Yes,575,312,263
Pottawattamie,CB 18,District 4 District Associate Judge Amy L. Zacharias,,,Yes,531,306,225
Pottawattamie,CB 19,District 4 District Associate Judge Amy L. Zacharias,,,Yes,430,238,192
Pottawattamie,CB 20,District 4 District Associate Judge Amy L. Zacharias,,,Yes,484,287,197
Pottawattamie,CB 21,District 4 District Associate Judge Amy L. Zacharias,,,Yes,411,229,182
Pottawattamie,Carter Lake 1,District 4 District Associate Judge Amy L. Zacharias,,,Yes,325,234,91
Pottawattamie,Carter Lake 2,District 4 District Associate Judge Amy L. Zacharias,,,Yes,317,235,82
Pottawattamie,Avoca,District 4 District Associate Judge Amy L. Zacharias,,,Yes,468,343,125
Pottawattamie,Carson,District 4 District Associate Judge Amy L. Zacharias,,,Yes,224,187,37
Pottawattamie,Crescent,District 4 District Associate Judge Amy L. Zacharias,,,Yes,697,398,299
Pottawattamie,Garner,District 4 District Associate Judge Amy L. Zacharias,,,Yes,937,512,425
Pottawattamie,GLWCW,District 4 District Associate Judge Amy L. Zacharias,,,Yes,218,130,88
Pottawattamie,Hancock,District 4 District Associate Judge Amy L. Zacharias,,,Yes,106,93,13
Pottawattamie,Lewis 1,District 4 District Associate Judge Amy L. Zacharias,,,Yes,704,398,306
Pottawattamie,Lewis 2,District 4 District Associate Judge Amy L. Zacharias,,,Yes,733,390,343
Pottawattamie,Macedonia,District 4 District Associate Judge Amy L. Zacharias,,,Yes,94,79,15
Pottawattamie,McClelland,District 4 District Associate Judge Amy L. Zacharias,,,Yes,305,188,117
Pottawattamie,Minden,District 4 District Associate Judge Amy L. Zacharias,,,Yes,385,284,101
Pottawattamie,Neola,District 4 District Associate Judge Amy L. Zacharias,,,Yes,555,350,205
Pottawattamie,Oakland,District 4 District Associate Judge Amy L. Zacharias,,,Yes,541,390,151
Pottawattamie,Treynor,District 4 District Associate Judge Amy L. Zacharias,,,Yes,443,336,107
Pottawattamie,Underwood,District 4 District Associate Judge Amy L. Zacharias,,,Yes,757,475,282
Pottawattamie,Walnut,District 4 District Associate Judge Amy L. Zacharias,,,Yes,181,141,40
Pottawattamie,CB 01,District 4 District Associate Judge Amy L. Zacharias,,,No,122,87,35
Pottawattamie,CB 02,District 4 District Associate Judge Amy L. Zacharias,,,No,177,104,73
Pottawattamie,CB 03,District 4 District Associate Judge Amy L. Zacharias,,,No,138,91,47
Pottawattamie,CB 04,District 4 District Associate Judge Amy L. Zacharias,,,No,138,82,56
Pottawattamie,CB 05,District 4 District Associate Judge Amy L. Zacharias,,,No,148,89,59
Pottawattamie,CB 06,District 4 District Associate Judge Amy L. Zacharias,,,No,225,125,100
Pottawattamie,CB 07,District 4 District Associate Judge Amy L. Zacharias,,,No,199,127,72
Pottawattamie,CB 08,District 4 District Associate Judge Amy L. Zacharias,,,No,256,151,105
Pottawattamie,CB 09,District 4 District Associate Judge Amy L. Zacharias,,,No,193,96,97
Pottawattamie,CB 10A,District 4 District Associate Judge Amy L. Zacharias,,,No,264,145,119
Pottawattamie,CB 10B,District 4 District Associate Judge Amy L. Zacharias,,,No,213,135,78
Pottawattamie,CB 11,District 4 District Associate Judge Amy L. Zacharias,,,No,185,139,46
Pottawattamie,CB 12,District 4 District Associate Judge Amy L. Zacharias,,,No,175,107,68
Pottawattamie,CB 13,District 4 District Associate Judge Amy L. Zacharias,,,No,99,59,40
Pottawattamie,CB 14,District 4 District Associate Judge Amy L. Zacharias,,,No,98,61,37
Pottawattamie,CB 15,District 4 District Associate Judge Amy L. Zacharias,,,No,111,60,51
Pottawattamie,CB 16,District 4 District Associate Judge Amy L. Zacharias,,,No,139,75,64
Pottawattamie,CB 17,District 4 District Associate Judge Amy L. Zacharias,,,No,175,91,84
Pottawattamie,CB 18,District 4 District Associate Judge Amy L. Zacharias,,,No,168,97,71
Pottawattamie,CB 19,District 4 District Associate Judge Amy L. Zacharias,,,No,91,56,35
Pottawattamie,CB 20,District 4 District Associate Judge Amy L. Zacharias,,,No,147,111,36
Pottawattamie,CB 21,District 4 District Associate Judge Amy L. Zacharias,,,No,127,66,61
Pottawattamie,Carter Lake 1,District 4 District Associate Judge Amy L. Zacharias,,,No,133,93,40
Pottawattamie,Carter Lake 2,District 4 District Associate Judge Amy L. Zacharias,,,No,125,102,23
Pottawattamie,Avoca,District 4 District Associate Judge Amy L. Zacharias,,,No,147,115,32
Pottawattamie,Carson,District 4 District Associate Judge Amy L. Zacharias,,,No,80,60,20
Pottawattamie,Crescent,District 4 District Associate Judge Amy L. Zacharias,,,No,282,173,109
Pottawattamie,Garner,District 4 District Associate Judge Amy L. Zacharias,,,No,303,150,153
Pottawattamie,GLWCW,District 4 District Associate Judge Amy L. Zacharias,,,No,86,62,24
Pottawattamie,Hancock,District 4 District Associate Judge Amy L. Zacharias,,,No,41,37,4
Pottawattamie,Lewis 1,District 4 District Associate Judge Amy L. Zacharias,,,No,200,107,93
Pottawattamie,Lewis 2,District 4 District Associate Judge Amy L. Zacharias,,,No,264,147,117
Pottawattamie,Macedonia,District 4 District Associate Judge Amy L. Zacharias,,,No,37,32,5
Pottawattamie,McClelland,District 4 District Associate Judge Amy L. Zacharias,,,No,145,98,47
Pottawattamie,Minden,District 4 District Associate Judge Amy L. Zacharias,,,No,115,92,23
Pottawattamie,Neola,District 4 District Associate Judge Amy L. Zacharias,,,No,179,107,72
Pottawattamie,Oakland,District 4 District Associate Judge Amy L. Zacharias,,,No,160,120,40
Pottawattamie,Treynor,District 4 District Associate Judge Amy L. Zacharias,,,No,194,143,51
Pottawattamie,Underwood,District 4 District Associate Judge Amy L. Zacharias,,,No,264,160,104
Pottawattamie,Walnut,District 4 District Associate Judge Amy L. Zacharias,,,No,87,75,12
Pottawattamie,CB 01,District 4 District Associate Judge Craig M. Dreismeier,,,Yes,338,212,126
Pottawattamie,CB 02,District 4 District Associate Judge Craig M. Dreismeier,,,Yes,509,301,208
Pottawattamie,CB 03,District 4 District Associate Judge Craig M. Dreismeier,,,Yes,396,246,150
Pottawattamie,CB 04,District 4 District Associate Judge Craig M. Dreismeier,,,Yes,431,233,198
Pottawattamie,CB 05,District 4 District Associate Judge Craig M. Dreismeier,,,Yes,453,242,211
Pottawattamie,CB 06,District 4 District Associate Judge Craig M. Dreismeier,,,Yes,660,379,281
Pottawattamie,CB 07,District 4 District Associate Judge Craig M. Dreismeier,,,Yes,692,417,275
Pottawattamie,CB 08,District 4 District Associate Judge Craig M. Dreismeier,,,Yes,837,456,381
Pottawattamie,CB 09,District 4 District Associate Judge Craig M. Dreismeier,,,Yes,561,284,277
Pottawattamie,CB 10A,District 4 District Associate Judge Craig M. Dreismeier,,,Yes,917,469,448
Pottawattamie,CB 10B,District 4 District Associate Judge Craig M. Dreismeier,,,Yes,858,484,374
Pottawattamie,CB 11,District 4 District Associate Judge Craig M. Dreismeier,,,Yes,676,386,290
Pottawattamie,CB 12,District 4 District Associate Judge Craig M. Dreismeier,,,Yes,743,387,356
Pottawattamie,CB 13,District 4 District Associate Judge Craig M. Dreismeier,,,Yes,344,206,138
Pottawattamie,CB 14,District 4 District Associate Judge Craig M. Dreismeier,,,Yes,363,219,144
Pottawattamie,CB 15,District 4 District Associate Judge Craig M. Dreismeier,,,Yes,420,213,207
Pottawattamie,CB 16,District 4 District Associate Judge Craig M. Dreismeier,,,Yes,429,245,184
Pottawattamie,CB 17,District 4 District Associate Judge Craig M. Dreismeier,,,Yes,533,290,243
Pottawattamie,CB 18,District 4 District Associate Judge Craig M. Dreismeier,,,Yes,506,289,217
Pottawattamie,CB 19,District 4 District Associate Judge Craig M. Dreismeier,,,Yes,394,225,169
Pottawattamie,CB 20,District 4 District Associate Judge Craig M. Dreismeier,,,Yes,464,282,182
Pottawattamie,CB 21,District 4 District Associate Judge Craig M. Dreismeier,,,Yes,386,210,176
Pottawattamie,Carter Lake 1,District 4 District Associate Judge Craig M. Dreismeier,,,Yes,306,227,79
Pottawattamie,Carter Lake 2,District 4 District Associate Judge Craig M. Dreismeier,,,Yes,293,212,81
Pottawattamie,Avoca,District 4 District Associate Judge Craig M. Dreismeier,,,Yes,441,325,116
Pottawattamie,Carson,District 4 District Associate Judge Craig M. Dreismeier,,,Yes,216,178,38
Pottawattamie,Crescent,District 4 District Associate Judge Craig M. Dreismeier,,,Yes,659,377,282
Pottawattamie,Garner,District 4 District Associate Judge Craig M. Dreismeier,,,Yes,886,490,396
Pottawattamie,GLWCW,District 4 District Associate Judge Craig M. Dreismeier,,,Yes,212,129,83
Pottawattamie,Hancock,District 4 District Associate Judge Craig M. Dreismeier,,,Yes,96,84,12
Pottawattamie,Lewis 1,District 4 District Associate Judge Craig M. Dreismeier,,,Yes,690,394,296
Pottawattamie,Lewis 2,District 4 District Associate Judge Craig M. Dreismeier,,,Yes,722,387,335
Pottawattamie,Macedonia,District 4 District Associate Judge Craig M. Dreismeier,,,Yes,88,74,14
Pottawattamie,McClelland,District 4 District Associate Judge Craig M. Dreismeier,,,Yes,295,177,118
Pottawattamie,Minden,District 4 District Associate Judge Craig M. Dreismeier,,,Yes,332,242,90
Pottawattamie,Neola,District 4 District Associate Judge Craig M. Dreismeier,,,Yes,471,293,178
Pottawattamie,Oakland,District 4 District Associate Judge Craig M. Dreismeier,,,Yes,506,367,139
Pottawattamie,Treynor,District 4 District Associate Judge Craig M. Dreismeier,,,Yes,420,316,104
Pottawattamie,Underwood,District 4 District Associate Judge Craig M. Dreismeier,,,Yes,708,451,257
Pottawattamie,Walnut,District 4 District Associate Judge Craig M. Dreismeier,,,Yes,180,144,36
Pottawattamie,CB 01,District 4 District Associate Judge Craig M. Dreismeier,,,No,135,93,42
Pottawattamie,CB 02,District 4 District Associate Judge Craig M. Dreismeier,,,No,206,119,87
Pottawattamie,CB 03,District 4 District Associate Judge Craig M. Dreismeier,,,No,164,105,59
Pottawattamie,CB 04,District 4 District Associate Judge Craig M. Dreismeier,,,No,160,82,78
Pottawattamie,CB 05,District 4 District Associate Judge Craig M. Dreismeier,,,No,171,94,77
Pottawattamie,CB 06,District 4 District Associate Judge Craig M. Dreismeier,,,No,234,136,98
Pottawattamie,CB 07,District 4 District Associate Judge Craig M. Dreismeier,,,No,219,138,81
Pottawattamie,CB 08,District 4 District Associate Judge Craig M. Dreismeier,,,No,276,165,111
Pottawattamie,CB 09,District 4 District Associate Judge Craig M. Dreismeier,,,No,207,97,110
Pottawattamie,CB 10A,District 4 District Associate Judge Craig M. Dreismeier,,,No,278,152,126
Pottawattamie,CB 10B,District 4 District Associate Judge Craig M. Dreismeier,,,No,233,143,90
Pottawattamie,CB 11,District 4 District Associate Judge Craig M. Dreismeier,,,No,231,166,65
Pottawattamie,CB 12,District 4 District Associate Judge Craig M. Dreismeier,,,No,195,118,77
Pottawattamie,CB 13,District 4 District Associate Judge Craig M. Dreismeier,,,No,129,76,53
Pottawattamie,CB 14,District 4 District Associate Judge Craig M. Dreismeier,,,No,116,80,36
Pottawattamie,CB 15,District 4 District Associate Judge Craig M. Dreismeier,,,No,134,74,60
Pottawattamie,CB 16,District 4 District Associate Judge Craig M. Dreismeier,,,No,158,86,72
Pottawattamie,CB 17,District 4 District Associate Judge Craig M. Dreismeier,,,No,205,107,98
Pottawattamie,CB 18,District 4 District Associate Judge Craig M. Dreismeier,,,No,189,110,79
Pottawattamie,CB 19,District 4 District Associate Judge Craig M. Dreismeier,,,No,117,67,50
Pottawattamie,CB 20,District 4 District Associate Judge Craig M. Dreismeier,,,No,157,111,46
Pottawattamie,CB 21,District 4 District Associate Judge Craig M. Dreismeier,,,No,146,82,64
Pottawattamie,Carter Lake 1,District 4 District Associate Judge Craig M. Dreismeier,,,No,144,96,48
Pottawattamie,Carter Lake 2,District 4 District Associate Judge Craig M. Dreismeier,,,No,140,116,24
Pottawattamie,Avoca,District 4 District Associate Judge Craig M. Dreismeier,,,No,161,123,38
Pottawattamie,Carson,District 4 District Associate Judge Craig M. Dreismeier,,,No,90,69,21
Pottawattamie,Crescent,District 4 District Associate Judge Craig M. Dreismeier,,,No,306,186,120
Pottawattamie,Garner,District 4 District Associate Judge Craig M. Dreismeier,,,No,339,166,173
Pottawattamie,GLWCW,District 4 District Associate Judge Craig M. Dreismeier,,,No,91,64,27
Pottawattamie,Hancock,District 4 District Associate Judge Craig M. Dreismeier,,,No,48,42,6
Pottawattamie,Lewis 1,District 4 District Associate Judge Craig M. Dreismeier,,,No,206,107,99
Pottawattamie,Lewis 2,District 4 District Associate Judge Craig M. Dreismeier,,,No,270,146,124
Pottawattamie,Macedonia,District 4 District Associate Judge Craig M. Dreismeier,,,No,41,35,6
Pottawattamie,McClelland,District 4 District Associate Judge Craig M. Dreismeier,,,No,154,108,46
Pottawattamie,Minden,District 4 District Associate Judge Craig M. Dreismeier,,,No,135,107,28
Pottawattamie,Neola,District 4 District Associate Judge Craig M. Dreismeier,,,No,204,123,81
Pottawattamie,Oakland,District 4 District Associate Judge Craig M. Dreismeier,,,No,185,134,51
Pottawattamie,Treynor,District 4 District Associate Judge Craig M. Dreismeier,,,No,203,153,50
Pottawattamie,Underwood,District 4 District Associate Judge Craig M. Dreismeier,,,No,295,176,119
Pottawattamie,Walnut,District 4 District Associate Judge Craig M. Dreismeier,,,No,83,68,15
